0 23 25 26 27 28 29 31 32
1 33
2 24 34 35 36 37 38 39 41 43
3 44 45 47 49 50 51 52 53 55 56 57
4 59 60 61 62 63 64 65 66 67 69 70 71
5 73 75 77 78 79 80 81
6 66 72 75 82 83 84 85 87 88 89 90 91 92
7 94 95 96 97 98 99 100 101 102 103
8 44 104 105 106 107 108 109 110 111 113 114
9 79 115 117
10 43 96 118 119 120 121 122 123 124 125 126
11 55 74 79 80 87 127 128 130 132 133 135 136 137
12 138 141 142 143 145 146 147 149 150 151 153
13 53 156 157 158 159 160 161 162 163 164 166
14 98 131 168 169 170 171 172 173 174 175 176 177 178 179 180 181 182 183
15 78 79 133 137 185 186 187
16 36 189 190 191 192 193
17 36 195 196 198 199 200 201
18 79 130 132 135 184 185 202 204 205 206 207
19 208 209 211 212 213 214 215 216 217 219 220
20 34 36 52 109 221 222 224 225 226 228 229
21 74 110 230 232 233 234 235 236
22 72 73 74 75 79 80 87 88 130 135 237 238 239
23 3 242 243 244 245 246 248 250 251
24 34 80 104 137 252 255
25 26 28 256 257 259 260 262 263 264 265
26 47 80 130 135 185 266
27 55 79 115 133 171 267 268 269 270
28 13 227 254 265 272 274 275 276 277
29 52 96 210 221 278 279 280 281 282 283
30 34 40 42 253 284 285 286 287 289 290 291
31 36 52 159 191 221 292 294 295 297
32 298 299 300
33 47 208 210 267 301 302 303
34 164 306 307 308 309 310 311 312 313 314 315 317 318
35 55 119 293
36 319 320 321 322 323 324 325 326 327 328
37 329 330 331 332 333 334 335 336 337 338 339 340 341 342 343 345
38 241 250 346 348 349 350 351
39 41 96 133 252 352 353 354 355
40 22 24 46 118 155 196 261 356 358 359 360 361
41 7 34 36 109 191 250
42 74 81 87 135 202 363 364 365 366 367 368 369 370
43 87 134 171 185 363 373 374 375 376
44 74 77 79 127 184 185 254 377 378
45 52 66 145 254 379 380
46 16 54 73 74 78 382 383 384 385 386
47 36 37 46 52 105 356 387 388 389 390 391 392
48 42 242 325 346 393 394
49 119 325 396 397 399 401 403
50 74 87 98 120 127 130 132 404
51 72 74 87 127 133 405 406 407 408 409 410
52 70 376 411 412 413 414 415 416 418 419 420 422 424 425 426
53 46 55 105 109 391 427 428 429
54 46 96 105 118 185 303 364 431 432
55 79 98 184 185 206 232 377 433 434 435 436 437
56 72 96 100 155 293 438 439 440 441 443 444
57 33 45 158 197 449 450 451 454 455 456 457 459 462 463 464 465
58 36 61 165 468 469 471 472 473
59 24 43 354 445 475 476 477 478 479
60 40 242 480 481
61 67 482 483 484 485 486 487 488 489 490 492
62 47 96 119 208 210 494 495
63 257 260 487 497 498 499 500 501 502 503
64 58 73 77 80 81 87 128 130 507
65 67 128 155 156 419 422 508 509 510 511 512 513 514 515 516 517 519 520
66 36 46 55 107 522 523 524 525 526 527 528 529 530
67 42 241 242 245 250 531 532 535 536 537
68 22 66 72 74 80 98 117 127 185 254 538 539 540
69 13 25 28 221 257 275 331 542 543 544 545 546
70 126 171 548 549 550 551 553 554 555 556 557 559
71 47 96 102 133 135 171 254 374 376 560 561
72 93 95 562 563 565 566
73 46 133 136 252 528 567 568 569 570 571 572 573
74 119 155 220 314 460 576 577 578 579 580 581 582
75 55 75 76 79 134 399 583
76 199 212 303 585 587 588 589
77 70 590 591 592 594 595 597 598 599 600 601 602 603 604 605 606
78 102 106 111 159 608 609 610 611 612 614 615 616 617 618 619 620 621
79 44 622 623 626 627 628 629 630 631 632 634 635 636 637 638 639 642 643 644 645 646
80 36 52 190 325 347
81 34 210 221 242 474 648 650 651 652 654 655
82 125 208 212 213 218 220 432 657 658
83 66 74 81 87 115 127 132 185 372 660 661 662
84 48 54 111 151 159 163 511 614 663 664 665 667 668 669 670
85 46 47 55 91 96 118 127 267 301 303 671
86 133 672 674 675
87 164 224 275 307 541 546 676 677 678 680 681 682 683 684 685 686 687
88 72 80 98 184 535 690 691 692 693
89 53 105 223 516 670 696
90 74 77 87 118 127 135 184 185 206 698 699
91 52 74 87 133 701 702
92 46 165 197 208 523 610 703 705 707 708 709 710 711
93 16 78 80 87 127 538
94 45 55 96 105 112 187 357 572
95 37 55 70 133 221 354 712
96 47 52 78 96 102 184 199 267 713 714
97 67 154 608 670 715 716 718 719
98 24 96 133 275 287 445 498 720 721
99 42 78 188 302 305 325 723 724 725 726
100 155 156 196 197 198 314 460 509 519 582 689 727 730 731 732 733
101 102 155 291 391 734 735 736 737
102 52 97 151 242 250 325 475 545 738 740
103 7 34 42 315 393 741 742 744 745 746 750 751 752 753
104 105 528 755 756 757
105 78 79 96 99 101 758 759 760 761 762
106 100 107 155 528 764 765 766 767 768 769
107 52 96 124 245 250 285 771 772 773 774 776
108 36 40 105 191 777
109 774 780 781 782 783 784 785 786 787
110 62 128 157 419 507 601 789 791 793 794 795 796 797
111 28 96 191 257 259 499 542 798 799
112 216 493 800 801 802
113 34 42 209 211 242 245 285 289 459 588 655 803 804 805 807
114 96 118 135 137 270 352 399 808 809
115 96 126 171 364
116 148 150 160 810 811 812 813 814 816 817 818 820
117 24 111 119 199 210 361 528 703 708 767 822 824 825 826 827
118 96 100 118 476 493
119 96 133 829
120 41 63 79 80 115 118 188 830 832
121 118 504 754 756 833 835
122 48 114 159 252 542 715 838 839 840
123 72 79 91 104 127 137 185 237 254 377 378 841 842
124 66 75 87 91 127 131 132 237 254 372 373 378
125 309 597 843 844 845 846 849 850 851 853 854 855 856
126 74 79 87 127 130 131 134 135 185 206 261 376
127 75 81 118 135 171 184 206 254 364 377
128 73 77 79 87 98 135 185 254 373 374
129 0 4 13 72 98 126 185 254 334 446 857 858 859 860 861
130 74 79 80 87 115 132 133 377 539 862
131 24 61 127 472 863 864
132 55 96 118 119 126 242 870 872 873 874
133 46 48 54 57 154 293 516 875 876 877 878
134 36 450 879 881
135 161 227 257 277 307 617 799 882 886 888 889 891
136 90 892 893 894 895
137 87 127 897 898 899
138 75 76 115 137 389 777 832
139 75 79 87 135 566 758 759
140 47 74 87 127 237 254 901 902
141 109 157 361 508 733 903 904 905 907 909 910 911 912 913 914
142 109 118 126 254 772
143 66 79 377 916
144 41 45 80 134 188 699 917 918
145 52 79 102 206 772 922 923
146 42 43 54 104 126 293 655 756 924 925 926 927 928 930
147 7 8 17 102 118 126 242 302 564 871 931
148 277 932 934 935 937 938 939 940 941 942 943 944 945
149 36 37 46 52 109 133 391 946
150 36 55 948
151 75 79 90 98 137 184 206 238 373 900 950 952 953 955
152 24 43 52 72 74 81 96 137 237 268 385 956
153 17 100 211 835 870 969 970 971 972 973 974 975
154 134 472 863 900 976 978
155 232 377 674 979 980 982 983 984 985 986
156 34 42 154 159 286 495 990
157 54 475 529 879 997 998 999
158 111 163 187 196 422 509 513 516 517 708 1003 1004 1005 1006 1007 1008 1009 1010
159 199 220 242 393 401 481 654 1012 1013
160 46 52 55 57 111 133 136 199 413 572 708
161 36 46 55 105 107 119 187 190 356 357 361 608 765 1014 1015
162 36 46 105 109 188 302 918
163 41 45 52 1017 1018 1019
164 66 377 674 979
165 54 55 105 107 111 196 498 799 878
166 34 36 42 52 100 245 285 289 362 507 654 1021
167 42 211 217 289 395 531 655 740 774 879 996 1022 1024
168 89 96 118 528 765 808 1025 1026
169 35 197 308 1027 1029 1030 1031 1032 1033
170 60 476 477
171 548 893 1035 1036 1037 1038 1040 1041 1043
172 36 52 145 252 277 286 354 445 883 1045 1047
173 24 36 1048 1049 1050
174 24 118 221 257 271 650 1052 1053 1054 1057 1058 1059 1060
175 52 102 127 184 376 714 841 1061
176 23 28 34 36 257 879 1057
177 96 109 118 119 125 210 221 286 712 989 1063
178 798 1065 1066 1068 1069 1070 1071
179 20 52 245 332 445 956 1072 1074
180 35 1075 1076 1077
181 24 36 131 137 852 1078 1079 1081 1082 1083 1084
182 22 36 56 223 456 462 474 854 1039 1085 1086 1087
183 36 52 105 141 151 388 1089 1090 1091
184 46 52 105 109 110 118 133 190 523 765 1092 1093
185 46 124 212 219 286 325 776 823 1098 1099
186 30 36 55 357 1105 1106 1107 1108
187 126 252 300 555 1109 1110 1111 1112 1113 1114
188 217 219 242 446 740 1116 1117 1118
189 118 208 215 303 776 1119 1120 1122 1123
190 219 305 1015 1124 1125 1126 1128 1129 1131 1133 1134 1135
191 47 97 118 199 254 303 577 770 1100 1136 1137
192 46 187 223 252 474 863 1138 1139 1140
193 72 90 280 378 382 1141 1144 1145
194 3 7 325 395 1146 1147 1148 1151 1152
195 75 81 87 96 115 118 127 133 171 560 1154
196 52 192 254 445 1155 1156
197 4 13 44 52 129 392 445 528 569
198 242 243 245 250 532 535 536 806 1158 1159 1160 1162 1163 1166 1167
199 36 46 52 55 60 70 96 102 119 581 597
200 87 380 538 897
201 1023 1168 1169 1170 1172 1173
202 275 295 445 498 767 891 957 1175 1176 1177 1178
203 53 541 932 1094 1179
204 36 224 427 445 771
205 41 78 79 95 96 114 118 286 575 714 754 772 1180
206 46 105 109 154 1092 1181 1183
207 75 79 87 91 184 237
208 85 257 277 498 608
209 218 395 581 800 1077 1189
210 74 79 135 184 254 376
211 87 98 99 101 127 184 758 759 761 1190
212 51 53 196 297 1191 1192 1194
213 47 77 87 223 540 802 968 1195 1197
214 78 115 126 267 1198 1199
215 72 77 80 87 98 132 135 1200 1201
216 73 77 692 1202 1203 1206
217 55 127 267 376 698 861 1207
218 67 74 96 107 426 601 735 1209 1210 1212
219 7 34 36 42 211 250 655 927 1213 1215 1216 1217
220 45 52 55 386 389 1219
221 36 46 53 105 109 111 159 221 354
222 109 362 450 947 1220 1221 1222 1223
223 98 118 376
224 42 109 654 655 755 1118 1225 1227
225 74 75 77 115 202 372 1228 1229
226 22 104 117 131 137 237 413 483
227 47 52 55 61 118 125 133 190 920 1231
228 575 808 1238 1239 1240 1241 1243
229 72 73 78 79 81 87 98 131 185 263 274 1244 1245
230 47 79 118 210 253 303 714 772 776 802 808 902 1082 1246
231 53 191 362 426 1247 1248 1251
232 46 105 325 1183 1252 1253 1254 1256
233 98 132 185 832 1257
234 52 61 63 74 88 104 171 364 539 859 918 1259 1260
235 102 210 219 920 1172 1180 1263
236 52 155 314 460 475 482 486 582 707 727 1264 1265
237 41 45 61 63 75 80 87 917 1259 1266
238 0 4 8 10 13 15 307 329 332 333 337 343 344 345 971 1267 1268 1269 1270 1272 1273
239 73 74 79 133 184 185 206 254 437 915 919 1274
240 126 438 442 558 673 897 1276 1278 1279
241 96 102 136 208 303 376 494 906 1098 1281 1282 1283
242 286 924 947 1029 1147 1220 1284 1285 1286 1288 1289 1290 1292
243 26 96 257 442 499 542 879 1057 1293 1294
244 38 118 192 261 883 1093 1296
245 102 119 165 280 1012 1283 1297
246 37 41 252 354 355 385 499 1298
247 78 79 91 110 115 130 137 184 377 1018
248 542 805 1299 1301 1302
249 36 60 96 253 542 659 738
250 107 764 770 1304 1305
251 73 79 135 171 184 363 377 1201 1202
252 96 119 128 302 589 802 1030 1309 1310 1311 1312
253 66 445 953 1199 1314 1315 1316 1317
254 13 109 257 445 498
255 6 11 13 14 35 52 57 197 331 333 857 934 1320 1321
256 96 98 254 373 399 1323
257 118 212 218 302 303 1119 1172 1261
258 22 36 110 187 275 358 438 863 1324 1325 1326 1328
259 96 1329 1330 1331 1332
260 34 36 52 109 228 362 673 1249 1333
261 20 21 261 474 479 483 844 854 1336 1337 1338
262 119 286 531 756 1063 1340 1342
263 96 102 133 134 250 998 1022
264 66 74 77 87 98 115 127 133 373 399
265 36 52 109 278 286 1345 1346 1347 1348 1349 1350 1351
266 36 52 55 78 80 102 107 118 133 136 235 920
267 25 276 1057 1353 1354
268 79 184 185 377 538 1355 1356 1357 1359 1360 1361
269 34 36 362 1362
270 102 681 1363 1364 1365 1366
271 52 200 1367 1369 1371 1372 1374 1375
272 52 241 242 392 941 1148
273 1376 1377 1378 1379 1380 1381
274 53 56 141 223 453 615 863 1253 1384 1385 1386 1387 1389 1390
275 61 78 280 863 1140 1391 1392 1393
276 41 46 105 133 190 399 863 1259 1397 1398 1400
277 43 190 347 1253 1397 1401 1402
278 127 171 188 194 235
279 66 73 75 126 131 135 1258 1315 1403
280 36 55 102 325 920 1103
281 36 37 109 136 354 445 483 878 956 1315 1404 1405 1406 1407
282 55 74 75 80 98 118 133 135
283 13 96 116 332 445 1001 1408
284 21 1234 1374
285 36 210 217 243 1224
286 72 77 80 128 130 135 137 237 361 376 378 1409 1411 1413 1414
287 22 235 821 838 918 1218 1415 1416 1417 1418
288 78 99 566 758 1199 1316 1419 1420 1421
289 4 5 15 217 245 333 806 1117 1422
290 41 52 184 699 700 1185 1186 1423 1424
291 46 52 55 80 96 105 118 127 863 1259
292 96 119 125 543 545 738 771 1184 1425 1426 1428
293 36 52 556 947 949 1429 1431 1434 1435
294 87 127 128 136 235 267 356 979 1436
295 46 210 826 827 1131 1262 1437 1438
296 53 110 147 184 307 329 681 886 902 939 988 1439 1440 1441 1442 1444
297 126 216 325 1167 1445 1446
298 77 80 118 128 136 137 206 376 1344 1448 1449 1450 1451 1452
299 36 42 241 250 289 348 747 928 1216 1445 1453 1454
300 0 6 331 460 1422 1456
301 79 87 96 127 134 135 399 560 976
302 98 130 137 268 269 270 1258 1408 1457
303 96 254 280 859 1458 1459 1460
304 46 52 55 61 72 74 117 236 252 1257 1461
305 78 79 87 171 184 538 1199
306 91 98 254 267 372 399 923 1230 1462 1463
307 55 63 75 77 377 399 863
308 78 98 1026 1465 1466
309 46 52 190 392 523 652 1103 1467
310 41 87 115 118 171 433 1468 1469
311 24 35 96 118 187 196 197 253 438 474 673 729 752 771 1470 1471
312 1472 1473 1474
313 36 805 1330 1476
314 73 77 79 81 130 133 134 135 185 538
315 80 126 127 1404 1477 1478 1479
316 314 508 510 763 962 1010 1480 1482 1483 1484 1485 1486
317 24 36 46 52 107 190 221 295 474 956 1487 1488
318 210 1489 1490 1491
319 109 277 293 1492 1493 1494 1495
320 46 141 572 708 1138 1496
321 47 55 105 114 134 295 392 528 861 863 1174
322 96 102 118 216 376 1248 1497
323 87 115 127 184 863 1499
324 111 303 589 863 1097 1175 1501 1502 1503
325 66 72 74 79 87 88 171 237 385 539
326 47 78 79 133 184 267 301 434 714 923 1258 1409 1504
327 22 80 109 131 133 135 184 238 377 538 725 1505
328 81 87 134 136 184 185 374
329 77 79 87 96 98 127 185 1200 1506
330 55 80 96 118 538
331 199 215 303 304 1503 1507
332 57 104 155 187 293 295 460 517 1237 1508 1509 1510 1511
333 35 46 155 158 442 486 1100 1136 1512 1513 1514 1515 1516
334 30 497 498 799 1277 1352 1518 1519 1520 1521
335 442 1522
336 73 74 133 134 171
337 78 102 118 267 560 1523 1524 1525
338 208 210 392 738 830 1342
339 35 36 48 141 864 909 1527
340 30 958 1010 1105 1374 1514 1528 1529 1530 1531 1532 1533 1534
341 36 53 516 615 735 1416 1514 1536
342 46 47 78 102 119 833 906 920 1538
343 104 223 462 883 1004 1174 1325 1542 1543 1544 1545 1546
344 46 105 106 764 878 1257 1396 1548
345 22 37 80 118 133 353 1549 1550
346 445 476 659 754
347 53 60 96 100 133 505 756 1551
348 26
349 22 185 399 538 674
350 36 241 325 476 1552 1553
351 7 42 55 242 245 250 300 347 657 1175 1224 1248 1554
352 36 52 118 435 542 897
353 72 73 77 79 81 87 127 135 1557
354 20 157 357 417 419 520 665 1000 1516 1559 1560 1561 1563 1564 1565 1566 1567 1568 1569
355 41 57 91 133 235 252 254 270 392 859 1570
356 55 79 96 118 126 184 185 557
357 36 236 651 1445 1571 1572 1573 1574 1575
358 45 110 137 295 418 1235 1576 1577
359 96 100 126 217 442 544 673 800 1276 1471 1518 1551 1580 1581 1583 1584
360 72 73 77 80 81 98 135
361 60 118 304 577
362 45 78 91 102 276 377 1589 1590 1591
363 46 118 141 252 280 302 1095 1592 1593 1594
364 36 60 1016 1185 1254 1322 1595 1596 1597
365 52 96 216 325 393 395 1149
366 13 192 227 356 1598 1599 1600
367 4 13 254 320 334 445 654 857 858 887 1051 1303 1347 1348 1601
368 46 57 114 155 418 467 523 850
369 47 74 75 115 127 134 185 254 363 377 434 560 832
370 79 130 184 185 361 363 919 1602
371 52 87 102 776 802 1603
372 36 325 393 1276
373 47 98 136 185 972 973 1604 1605 1607 1608 1609
374 47 96 102 210 494 1262 1363 1589 1610 1611
375 72 74 77 79 87 88 117 127 128 135 1202 1258 1557 1612 1614
376 34 36 362 531 879 930 1476 1615 1616
377 24 107 131 275 295 356 611 852 1080 1517 1617 1618 1620
378 46 388 523 697
379 55 118 389 1448
380 266 305 1621 1622
381 87 96 120 128 1623 1624 1625 1626 1627 1629 1630
382 46 127 134 435 467 471 895 1230 1231 1461 1631 1632
383 74 75 96 376 560 1011
384 63 76 79 87 98 133 134 185 374 863
385 98 127 134 171 184 254
386 35 155 196 308 677 727 729 928 1010 1502 1634 1635 1636 1637 1638 1639 1641 1642 1643 1644 1645 1647
387 37 75 106 237
388 48 106 159 163 190 235 236 282 511 1128 1649 1650
389 73 77 87 130 192 253 373 538 1025 1202 1258 1651 1652
390 37 267 1653 1655 1656 1657 1658 1659 1660
391 74 75 87 135 1091
392 26 133 189 191 257 445 1666 1667 1668
393 7 119 213 250 325 347 442 756 1669 1670
394 87 98 118 171 184 185 206 376
395 24 35 38 155 158 165 196 198 353 462 478 928 1136 1528 1671 1672
396 102 128 136 280 507 1502 1673 1674 1675
397 26 161 257 265 499 1353 1660 1677
398 257 496 1476 1679 1680
399 46 52 55 96 102 242 267
400 96 118 119 133 210 427 920
401 7 9 125 242 477 1148 1554 1681 1682 1683 1684 1685 1686 1687
402 51 196 362 617 886 1467 1543 1688
403 197 199 280 302 303 304 494 708 776 822 1503 1690 1691
404 55 105 354 567 922 1327 1345 1692 1693
405 79 88 98 238 1504 1694 1695 1696 1697
406 6 10 11 17 60 333 337 343 498 799 971 1272 1698 1699
407 67 128 426 601 790 794 795 1702 1703 1705 1706 1707 1708 1709 1710 1711
408 53 54 56 154 155 158 196 295 358 508 516 517 616 703 764 1088 1586 1712
409 22 24 131 221 293 356 507 766 852 1445 1713
410 13 74 270 445 1133 1714 1715 1716
411 21 34 36 42 624 635 640 1717 1719 1720 1721
412 4 393 676 1722 1723 1724
413 36 224 354 438 445 499 1045 1046 1725 1726
414 33 195 967 1727 1729
415 7 97 803 928 1214
416 34 42 228 362 451 929 1673 1732 1733 1734 1735
417 78 79 80 96 184 1736
418 141 191 257 276 788 1293 1737
419 141 354 863 1738
420 164 224 226 227 307 320 356 541 546 676 678 883 887 933 1269 1271 2572 2858 3057 3843 3845
421 35 155 286 307 498 654 684 732 886 975 1338 1739 1740
422 171 560 1186 1424 1741
423 42 97 126 243 244 250 442 681 777 1743 1744 1745 1747
424 36 46 47 107 114 118 126 155 989 1502
425 771 788 805 1748 1749
426 109 155 196 356 438 493 1036 1311 1342
427 52 133 252 727 787 1750 1751 1752
428 51 54 557 670 681 719 1416 1753
429 60 195 442 447 478 554 729 895 1277 1583 1754
430 46 187 190 571 697 764 1755 1757 1759
431 46 54 55 105 109 112 190 293 388 389 392 516 1103
432 80 98 114 126 134 539 1200 1760
433 49 1761 1762 1764 1765 1766 1767 1768 1769 1770 1771 1772 1773 1774
434 353 554 608 681 799 1775
435 36 42 126 211 250 285 286 1166 1395 1776 1777
436 74 127 171 185 377 919
437 36 111
438 55 80 98 118 135 376 1258
439 75 91 127 134 385 809 1418 1590 1779 1780 1781 1782 1784 1785 1786 1787 1788
440 80 96 100 253 261 356 358 1234 1790 1791
441 46 55 56 105 188 190 293 389 391 528 712 1792
442 46 47 55 105 107 120 293 571 738
443 47 66 77 80 87 127 131
444 102 105 219 920 941 1133 1172 1253 1261
445 87 118 133 135 897
446 257 498 500 686 1105 1529 1794 1795
447 78 104 131 137 187 235 254 413 469 863
448 102 118 190 473 858 1798
449 20 52 254 288 729 738
450 52 197 229 325 1389 1514 1662 1801 1802 1803 1805
451 66 87 1244
452 66 98 115 184 377 406 951 1806
453 60 105 109 523 608 1807
454 36 1808
455 46 55 105 126 863 915 1608 1809
456 34 36 147 346 522 991 1810 1811
457 56 511 715 1812 1813 1814 1815 1816 1817
458 30 96 227 445 1818
459 74 79 132 137 184 185 237 238 951 1819 1820
460 79 87 206 560 830 1821
461 3 4 13 36 42 126 273 277 329 332 334 337 1268 1303
462 74 79 91 131 134
463 41 58 74 75 77 80 81 87 117 127 590
464 109 126 127 445 446 499 1315
465 155 156 196 314 479 800 1487 1822 1823
466 41 87 171 184 254 267 399 832
467 72 87 135 237 539 1412 1824
468 78 79 87 127 171 254 361 376 538 1412 1825
469 36 47 78 102 184 185 304 376
470 4 104 118 227 343 1422 1691 1829
471 46 1051 1345 1348 1469 1830 1831 1832 1834 1836 1837 1838
472 1839 1840 1841 1843 1846 1847 1848
473 52 118 209 210 726 1297 1849
474 2 96 507 1346 1419
475 36 55 57 105 109 111 210 228 442 765 1536
476 43 100 211 217 653 1262
477 24 46 53 54 55 118 187 388 528 766 767 1850 1851 1852 1854 1855
478 47 79 118 184 185 254 378 399 406 1856 1857
479 23 105 111 422 508 512 695 1393 1859 1860 1861
480 126 254 902 915 1315
481 187 295 422 508 510 821 852 1864 1865
482 87 130 135 185 206 560
483 6 40 96 245 285 477 1224 1321
484 43 227 442 445 498 771 1341 1828 1866
485 45 46 47 96 118 219 282 301 714 1172 1869 1870
486 36 46 112 141 235 608 764 1875
487 47 210 302 303 352 714 756
488 52 102 105 128 755 899 998 1877
489 117 137 374 923 1325
490 275 879 1878 1879
491 55 137 187 192 918 1385 1545 1725 1821 1880 1881 1882
492 78 127 135 184 185 206 538 698 1324
493 46 52 266 301 302 305 713 714 920
494 66 383 547 551 558 662 893 1142 1601 1885
495 72 73 80 87 445
496 74 80 126 377 399 538 830 917 1230 1397 1887
497 36 41 364 542
498 52 79 698 758 841 1199 1888
499 74 80 130 135 185 374 376 1889 1890
500 40 47 66 96 109 118 445 474 1057 1891 1892 1893
501 25 104 277 499 799 883 889 1493 1894
502 34 36 362 774 1397 1895
503 22 24 46 104 114 245 286 293 1896
504 355 926 1020 1031 1078 1496
505 45 96 494 1122 1651 1899
506 9 34 42 242 444 740 883 1290 1901 1902 1903
507 36 105 109 157 223 228 306 388 765 939 1105
508 1 3 9 12 42 749 1029 1904 1905 1907
509 36 608 867 1105 1812 1908
510 42 44 216 242 325 788 1445 1910
511 47 55 118 154 210 1020 1911
512 1912 1913 1914 1915
513 66 87 132 177 1916
514 72 81 98 1549 1917 1921
515 41 50 165 261 438 708 1197 1922 1923
516 8 15 126 329 332 334 335 443 972 973 1270 1315 1924 1925
517 132 755
518 52 1662 1926 1928
519 4 107 223 257 277 356 883 1175
520 58 77 419 1202 1207 1232 1613 1711 1930 1932 1934 1935 1937 1939
521 672 1325 1439 1940 1941
522 145 146 785 820 1191 1942 1943 1945 1946
523 22 24 221 275 293 858 1257 1949 1950
524 8 336 337 345 354 1267 1272 1493 1951
525 16 48 53 106 111 159 282 878 1556 1650
526 46 55 72 74 161 221 353 492 1952
527 66 87 133 467 830 1231 1259
528 70 80 376 590 790 807 1627 1629 1953 1955 1957 1958
529 22 74 116 117 127 133 204 862 957
530 74 79 132 137 171 361 1959
531 791 795 1624 1706 1961 1962 1963 1964
532 96 119 560 1523
533 46 80 87 118 133
534 25 143 223 474 727 1139 1236 1967 1968 1969 1970 1972
535 36 55 275 445 459 474
536 47 78 79 184 185 266 301 376 494 713 714 1974
537 7 242 325 1554 1975 1976 1978 1979 1980
538 0 42 55 192 208 210 712 998 1022 1583 1981 1982 1983 1984 1986
539 66 74 167 325 956 1276
540 199 208 212 215 218 220 398 1075 1076 1501
541 35 118 199 210 1031 1589 1988
542 377 1808
543 41 46 52 107 522 554 692 1001 1203 1204 2394 3047
544 242 771 1147 1990 1991 1993
545 34 36 42 96 124 125 208 212 1662 1994 1995
546 115 171 185 202 206 363 364 365 376 560 1186 1888
547 87 96 130 206 1153 1996 1997
548 80 176 237 1998
549 115 185 206 437 1154 2000 2001
550 40 47 55 96 302 494 776 2002
551 36 241 242 243 250 325 346 347 350
552 25 275 277 329 498 1353 1794
553 73 80 185 413 472 544 557 1278
554 442 459 629 1042 1312 1721 2006 2008 2009 2010 2011
555 35 102 109 613 657 826 904 1389 2015 2017 2018 2019
556 52 190 388 528 1328 1443 2020 2021 2022 2023
557 74 75 87 151 192 1277 2024 2025
558 36 46 60 102 651 1174 1713 2026 2027 2028 2029
559 20 42 57 109 220 472 483 1347 2031
560 741 1722 2032
561 191 2034 2036 2037 2038 2039 2040 2041 2042 2043 2044
562 55 115 117 293 413 572
563 22 107 112 131 187 257 293 295 361 413 1083 1138 1235 1237 2045 2046
564 24 46 55 131 132 230 353 361 413 957 1095 1406
565 45 55 154 495 2048
566 46 47 154 776 1098 2049
567 216 217 325 394 740 756 2050 2051
568 77 81 135 1931 1932 2052 2054
569 396 1497 2056 2057
570 46 55 102 105 163 392 528 764
571 47 97 118 126 134 250 681 857
572 75 87 93 99 118 184 237 353 442 544 714 1277 1278 2059
573 34 36 109 111 156 159 221 959
574 34 36 42 114 286 362 867 1362 1526 2061
575 36 45 96 329 1046 1312 1341 2062
576 111 165 235 297 356 511 516 708 888 1174 1545 1738 2063 2064 2065 2066
577 36 61 243 250 487 1346 1601
578 24 41 46 105 109 516 1521 2068
579 36 46 53 55 109 141 188 523 652 918
580 46 55 105 241 347 528
581 46 72 74 75 79 87 133 254 863 956
582 47 52 96 105 124 188 212 826 917 1122 1322 1523 2072 2073 2074
583 41 75 2075 2076
584 46 57 110 399 774 777 1349 1536 1923 2078 2079 2080 2081
585 66 74 87 238 378 674 1206 2082 2083 2084
586 55 754 1767 2086 2087
587 72 78 79 133 135
588 24 80 98 129 192 253 263 353 358 1310 2088 2089 2090
589 36 52 141 362 548 788 949 1140
590 47 55 78 96 184 239 267 352 575 650 694 916 1002 1278 1457 1694 2091 2092 2093
591 66 144 145 146 147 191 774 785 1719 1987 2094 2095 2096 2097 2098
592 109 110 141 297 882 957 1047 1476 2051 2070 2100
593 34 133 165 286 469 1048 1051 1345 2101 2102
594 66 145 478 547 548 551 1435 1461 1952 2106 2108 2109 2111 2112
595 80 96 115 133 184 185 206 267 374 376
596 22 109 158 165 252 460 732 883 1545 2113
597 96 209 210 211 217 250 535 756 1290 2114
598 55 77 118 128 130 190 301 442 445 2115 2116
599 74 127 254 956 957 1818 2117
600 96 286 307 439 2119 2120 2121
601 36 42 126 151 286 362 438 442 472 673 1276 2124 2125 2127 2128 2129
602 74 133 1202 2130 2131 2132
603 271 2133
604 46 96 107 254 438 475 566 577 659 761 1551 2090
605 22 24 295 361 445 457 1079 1080 1138 1328 1950 2134 2135
606 46 75 116 118 135 202 237 377 528
607 269 1654 1751 2071 2084 2137 2138 2139 2140 2141
608 1761 2011 2142 2143 2146
609 37 1018 1122 1621 1899 2147 2148
610 126 2149
611 56 111 159 280 453 1088 1396 1497 2150 2151 2152 2153
612 109 275 354 356 445 574 1347 2154 2155
613 224 314 883 934 1315 1444 1493 2156 2157 2158
614 78 79 80 87 127 130 133 1889
615 52 102 188 1253 1523
616 118 134 560 859 923 2159 2160
617 46 55 74 190 295 361 507 570 572 708 1308 1393 1818 2161
618 99 118 171 560 1185 1186
619 52 102 210 280 302 303 358 589 713 770 802 1501 1593 1836
620 102 399 554 1392 2074 2163 2164
621 98 131 185 254 758 1200 1258 1414
622 72 87 104 131 132 137 187 230 237 261 698
623 306 395 654 2165 2166
624 74 250 325 393 395 740 1146 1641 1906 2168 2169 2170 2172
625 52 63 102 188 777 1263 2173
626 74 98 117 127 130 132 385 1201 1258 2071 2174
627 79 80 89 96 185 206 237 263 477 1115 1244 1820 2175
628 2 39 47 118 199 477 764 776 2177
629 63 78 80 115 130 133 206 363
630 26 257 277 497 498 500 933 1476 1495 1794 2178 2179 2180 2181
631 79 127 185 254 538 1258 2182
632 42 47 52 70 141 871 1446
633 4 28 37 118 227 257 329 343 445 2184
634 224 308 498 686 933 934 937 2185
635 32 47 52 55 87 96 102 105 184 1259
636 77 79 80 118 130 135 374 547 1275
637 22 74 127 132 185 202 237 1412
638 22 24 45 55 137 187 192 1114
639 257 258 2034 2096 2187 2189 2190
640 53 54 55 106 131 230 607 882 1092 1587 2191 2193
641 332 799 1235 2194 2195 2197
642 35 36 37 158 165 196 198 221 354 481 703 805 1330 2198 2199
643 52 191 755
644 20 21 24 38 96 195 418 1036 1374 2031
645 41 66 96 126 442 548 1275 1516 2200 2201
646 257 275 501
647 55 78 79 80 87 96 130 133 376
648 77 79 80 81 115 127 2202
649 87 135 376 698 1185
650 70 376 1599 1623 1624 1956 2203 2204 2205 2206 2207 2208
651 87 96 239 305 377 442 557 673 1240 1277 1278 1583 1997 2210 2211
652 47 250 325 756 2212 2213
653 191 832 1890 2214 2215
654 315 911 941 959 964 1802 2219
655 2221 2222
656 109 277 799 882 2199
657 36 119 788 871
658 45 50 190 221 568 2224 2225 2226 2227
659 81 115 117 2228 2229
660 16 257 277 474 498 799 860 934 1020 1083 1091 1455 1495 2230
661 36 241 250 805 1161 1166 2231
662 96 102 208 210 714 776 802 1031 2015 2233
663 74 75 79 134 254 373
664 22 24 46 57 155 156 295 465 519 617 858 860 863 1235 1969
665 36 1249 1453 2234
666 35 36 42 191 250 608
667 52 53 106 109 159 453 511 719 878 2236
668 52 74 78 79 127 254
669 74 78 80 81 130 377 760
670 36 100 151 275 442 1046 1311 2187 2237 2238 2239 2240 2241 2242
671 320 956 1199
672 60 309 846 1193 2243 2244 2245 2247 2249 2250
673 46 109 388 474 498 527 1078 1088 1182 1664 1738 2253
674 8 13 19 55 329 332 441 545 857 895 2255 2256 2257
675 36 47 74 89 694 1105
676 34 36 42 133 209 442 653 655 756
677 66 127 167 183 861 956 957 974 1073 2258 2259
678 267 723 1230 2261
679 159 165 715 875 1556 1662 2013 2262 2264
680 52 126 241 2265
681 70 87 432 824 1627 1893 2266 2267 2268 2269 2270 2271
682 52 55 105 109 119 712
683 250 535 996
684 134 188 232 378 466 469 1218 1229 1397 1461 2081 2274 2275
685 47 78 96 118 120 355 1126
686 137 382 572 656 1325 2064 2276 2277 2278
687 235 261 355 956 1037 1165 1421 1772 2028
688 73 118 126 192 245 253 254 269 558 714 1156 1408 2083
689 125 196 460 507 1236 2281
690 199 214 280 302 303 353 776 1503 2015 2282
691 46 79 377
692 105 155 196 221 286 307 678 708 2284
693 47 70 96 109 118 122 210 1172
694 208 280 2285 2286 2287 2288
695 80 550 948 2289
696 55 141 145 221 882 1798 2291
697 46 52 55 105 141 882 1890
698 41 66 115 133 374 376 2297
699 50 104 137 184 187 261 282 878
700 46 57 104 110 132 187 293 469 1781
701 47 96 134 188 210 560 775 1259 1523 1524 2173
702 22 257 277 356 485 498 686 975 1235 1353 2298 2299
703 13 52 118 275 445 446 1268 1812 2300 2301 2302
704 80 96 119 477 493 494 915
705 46 53 235 286 608 765 887
706 157 165 187 295 422 508 821 2303 2304 2305
707 13 47 52 74 80 87 192 268 332 445 694 1042 1115 1408 2140 2308 2309
708 79 185 267 1154 2310
709 35 46 118 389
710 73 74 80 98 127 133 254 261 494 899
711 55 60 67 70 128 136 399 793 795 1228 1776 2313
712 1979 2315 2316
713 36 47 52 109 526 1812 2317 2318
714 52 102 119 133 220 588 738 1133 2324
715 5 13 132 273 277 356 654 729 861 1083 1321 1634 1646 2325 2326
716 66 75 79 87 133 137 154 832 1202 1219 2327
717 126 189 192 378 441 502 1267 1275 1540 1809 2328
718 22 24 28 36 78 127 131 254 257 275 361 571 1352
719 72 73 80 87 98 133 184 185 206
720 155 195 196 314 462 1496 2329 2330 2331 2332 2333 2334
721 48 163 196 453 511 664 670 715 878 1105 1712 2339 2340
722 52 109 1253 1260 2234
723 52 136 253 261 475 707 2114
724 46 96 105 118 199 376 708 1020 1297 2319
725 60 948 2341
726 52 70 522 529 1408 2342
727 79 87 91 96 127 184 239 377 1051 2081 2344
728 105 118 190 293 498 799 808 1476
729 102 107 118 199 804 989 1178 2345
730 55 66 72 74 87 131 132 133 230 361
731 55 105 190 354 399 755 777 1315 2346
732 72 74 80 87 135 185 254 956
733 217 325 673 741 751 803 1471 1867 2349 2351 2352
734 275 277 883 2065 2300 2353 2354 2356
735 241 250 2357 2358
736 32 145 499 1655 2130 2361 2362 2363
737 27 164 356 474 541 676 684 963 965 1635 2364 2365 2366 2367 2368 2369
738 87 115 237 2373
739 36 55 156 158 196 198 1528 2375
740 96 109 151 286 442 498 883 895 2378 2380
741 102 210 253 563 655 2382 2383 2384
742 80 134 252 267 538 854 863 2385 2386
743 87 96 118 127 130 133 134 135 364 374 1403
744 254 622 630 632 637 1754 2387 2388 2392
745 47 96 199 212 215 220 371 869 870 2395 2396 2397
746 22 24 55 56 107 128 158 196 382 413 456 483 1496 1586 2398 2399
747 55 79 171 184 1258 2401
748 78 79 87 133 538
749 72 87 127 135 185 698 919 1258 2402
750 78 137 391 651 764 1122 1445 1756 2401 2403
751 46 47 52 96 119 190 210 293 518 1777 2404
752 66 79 87 96 127 1465
753 1371 2405 2406 2407 2408 2409 2410 2412 2413 2414 2415 2416 2417 2418 2419 2420 2421
754 46 52 55 109 118 474 1389 1854
755 60 67 318 396 418 426 735 1248 1617 2422 2424 2425 2426
756 199 224 575 873 902 906 944 989 2427 2428
757 36 53 105 109 141 190
758 40 46 163 295 309 467 511 664 1526 2046 2224 2430 2432 2433 2434 2435 2436
759 96 118 126 242 276 347 535 2437
760 652 757 945 1184 2439
761 34 36 221 788 879 1901 2219 2440
762 53 55 105 106 111 154 159 190 196 223 353 511 858 878 1494
763 80 87 96 134 171 364 365 1200 1523 2441
764 126 378 893 1115 1754 1893 2270 2371 2443 2444 2445
765 34 42 126 221 245 285 806 2446
766 102 199 210 427 871
767 96 118 499 2449
768 22 66 91 104 1219 1277 2450
769 35 57 155 156 158 165 196 197 198 460 462 472 474 517 727 735 763 1484 1804 2451 2452
770 34 100 196 286 356 388 442 457 474 517 1091 1236 2454
771 96 118 125 209 210 216 493 800 2456
772 36 57 278 286 673 1346 2458 2459
773 41 133 352 1523 1730 1854 2281 2318 2460
774 155 157 422 508 509 510 512 513 519 570 727 791 795 844 1248 1325 1419 1483 1513 2461 2462 2463 2464 2465 2466 2467
775 102 827 1365 2468 2469
776 16 47 134 137 199 254 302 303 776 802 915 1324 2472
777 42 152 211 325 362 2473
778 164 306 308 314 541 676 684 933 940 2332 2474
779 73 77 136 137 386 899 1122 1258 1889
780 53 111 165 453 909 932 1528 1712 2476
781 46 55 105 190 228 392 652 1184 1253 2016 2478 2479
782 13 956 1268 1549 2189 2302 2480 2481 2482 2483
783 72 75 77 79 184 185 254 372 1959 2484 2485
784 72 75 77 79 87 135 185 237 377 1412
785 41 75 126 132 238 255 377 378 385
786 70 119 125 212 2486
787 62 112 190 391 708 1307 2051 2487 2488 2490
788 36 52 109 114 235 286 2491
789 130 133 187 192 358 361 376 538 1889 2494
790 96 129 131 178 697 1084 2454
791 34 151 229 315 362 741 752 769 928 961 1010 1437
792 47 75 102 134 255 378 772 832 951 1188 1550 2147 2496 2497
793 87 131 132 137 206 254 353 539 540 923
794 46 55 105 107 190 231 360 858 863 2498
795 52 55 105 109 114 187 863 890
796 754 1748
797 118 126 129 253 261 548 1036 1082 1789 1791 2064 2500 2501 2503
798 535 991 1029
799 36 52 102 134 188 755 775
800 34 36 42 109 286 654 708 1051 1327 1346 1347 1350 2504
801 73 74 77 79 81 87 135
802 37 109 118 413 460 857 1085 1118 1144 1427 1739
803 79 118 130 135 171 184 185 267 363 364 1403 1414
804 141 277 932 2508 2509 2510 2511 2512 2513 2514 2515 2516
805 346 1800 2518
806 73 77 79 184 185 206 263 374
807 52 102 467 863 1172 1523
808 98 435 1011 2003
809 77 79 81 87 115 134 135 171
810 79 87 115 135 405 919 951
811 36 55 96 109 118 126 134 560 841
812 34 36 42 109 285 747 928 930 1615 1902 2060 2524 2525
813 35 38 43 100 118 253 261 356 478 558 1082 1122 1515 2526
814 36 53 105 163 221 511 512 1663 2004 2528
815 36 754 1748
816 285 329 439 446 657 1268 1580
817 46 80 119 129 445 1312 1449 2267 2268 2438 2530
818 3 34 362 523 526 529 740 788 1362 2317 2533
819 21 55 100 155 302 844 1136
820 34 36 40 165 285 289 462 483 1217 1970 2404 2534 2535
821 24 80 81 127 132
822 78 305 431 1499 1589 1621 2401
823 758 1419 1513 2462
824 209 211 242 657 738 969 1123 1290 1445 1554 2538
825 52 55 96 118 126 192 224 253 352 376 474 499 1278 1327 2539
826 74 87 118 267 376 863 2470
827 79 87 133 267 431 494 560 871 1364
828 36 141 608 2429 2541
829 4 19 126 329 332 334 804 857 860 931 973 1315 1604 1608 2542 2543 2544 2545
830 47 96 102 118 446 694 726 771 915
831 73 75 81 87 132 137 237 1201 1202 2084 2546 2547
832 73 74 78 80 117 178 253 261 382 538 1156 2548
833 36 545 996 2358
834 37 46 52 96 109 118 119 127 190 221 286 293 391 764
835 5 17 24 37 211 242 333 655 973 1123 1698
836 46 52 114 325 1016 1254 2549
837 75 79 87 184 185 399 1154
838 105 114 210 469 799 882 2197
839 22 41 46 57 107 132 165 187 197 460 465 1092 1923
840 47 302 304 427 494 589 871
841 70 306 392 510 590 912 1022 1212 2508 2552 2553 2554 2556
842 21 22 32 40 57 223 474 478 854 883 1136 1415 1804 2447 2557 2558
843 58 386 397 1579 2313 2560 2561 2562 2563 2564 2566
844 45 202 278 286 527 550 1337 2276
845 4 356 1604 2330 2567 2568 2569 2570 2571 2572 2574 2575
846 47 52 210 443 1020 1593 2015
847 156 196 198 314 448 460 472 486 517 582 727 729 732 2452 2577 2578 2579 2580
848 41 80 154 261 2309 2582 2583 2584
849 184 185 538 2147
850 218 325 346 362 394 395 766 1282 1722 1822
851 254 542 558 956 1069 1750 2585
852 55 105 107 252 293 1174 1183 2586 2587
853 141 657 670 766 1168
854 4 13 124 334 337 358 1270 1272 2230 2589
855 155 156 196 198 314 508 509 519 582 727 728 729 2281 2591 2592 2594
856 74 77 96 126 376 841 1243 1760 2162 2163 2595
857 47 212 215 714 970 1445
858 55 221 354 388 389 1541 2103 2347 2596 2597
859 47 54 55 76 708 1020 1385 1911 2598 2599 2600 2601
860 127 131 135 919 2562 2603
861 36 46 52 105 128 318 353 523 906 1034 2469
862 78 96 102 267 302 303 305 1261 2401
863 34 297 1003 1039 1128 1389 1437 1438 1543 2451 2606 2607 2608
864 280 302 303 589 713 776 1119 2002 2233
865 7 36 241 273 480 805 2222
866 100 330 448 1502 2505 2610 2611
867 46 127 133 391 542
868 55 78 163 267 295 863
869 13 227 275 331 445 887 956 1138
870 93 190 484 897 1280 2133 2615
871 522 1623 1625 1957 2051 2619 2620 2621 2622
872 58 77 713 772 1439 1556 2075 2076 2285 2476 2623
873 22 254 498 500 551 2254
874 77 80 96 100 136 178 404 422 1156 1414 2328
875 48 106 235 511 838 1587 2478 2627 2628
876 36 160 362 1362 2430 2629 2631 2632
877 499 1549 1821 2414 2634 2635 2636
878 46 47 55 66 102 118 267
879 79 87 185 538
880 55 74 80 87 105 117 135 538 923 1018
881 124 219 1016 1023 1130 1523 2637
882 24 105 107 163 516 1545 2638 2639 2640
883 36 39 46 63 134 187 406 863
884 47 52 96 102 118 188 560 1523 2074 2641
885 30 36 165 197 355 486 1105 1397 1514 1536 1804 2642
886 47 74 96 254 859
887 37 493 2493 2646 2647
888 53 55 96 155 223 608 1108 1662 1777
889 34 35 42 158 211 242 243 285 329 459 531 655 704 928 1673 2648
890 96 133 654 681 1388 2158 2543
891 195 200 1370 1375 1728 2649 2650 2651
892 53 78 154 511 1175 1556 1594 1868 2013 2653 2654 2655
893 36 199 442 727 790 1010 1080 1312 2656
894 77 96 98 118 126 136 372 374 376 404 1258
895 66 79 87 96 127 133 897
896 47 78 102 589 714 1589 2321
897 73 77 79 87 133 135 288 382 919 1325 2658
898 105 111 159 163 295 456 1006 1325 1545 2432
899 45 57 109 155 221 275 293 732 1048 1545 1923 2660
900 34 36 96 107
901 102 136 708 1148 1150 2664
902 22 87 275 450 558 1047 1220 1878 1923 2665 2667 2668 2669 2670
903 80 135 185 363 374 376 434
904 160 1142 2671 2672 2674 2675 2677 2678 2679 2681 2683 2685 2686 2687 2688
905 48 128 159 163 280 286 516 1467 2689 2690
906 47 93 235 566 1278 1421 2691 2692
907 34 42 96 118 133 184 197 286 298 442 928 1049 2693
908 184 267 377 575 951 1792 2696
909 38 58 74 77 80 87 237 1202 2697
910 22 137 237 257 897 1660 2698 2699 2700
911 141 511 617 1174 1385 1650 2304 2702 2703 2704 2705
912 46 67 136 157 295 418 419 422 508 510 512 522 570 2706
913 37 56 61 109 356 466 1461 1526 2272 2707
914 377 672 674 987 2708 2709 2711 2712
915 462 511 1005 1010 1012 1471 2013 2017 2018
916 47 96 332
917 26 43 499 694 805
918 47 78 91 96 126 302 304 406 494 802
919 55 102 118 304 766 773 1319 1589
920 80 128 185 374 376
921 159 733 878 998 1122 1406 1556 2713 2714
922 52 53 102 106 154 158 159 165 615 716 878 906 920 2715
923 66 72 74 75 79 80 87 98 135 167 238 377 407 919
924 7 36 42 211 216 655 1076 1446
925 102 613 863 1130 1180
926 47 184 267 802
927 36 52 55 109 112 223 1767
928 41 47 301 766 1052 1056 2472
929 52 74 87 88 127 131 206 230 237 385 442 698 863 918
930 78 96 118 135 446 773 915 1117 2717
931 52 60 608 1140 1662 2718
932 9 254 378 477 655 657 804 1315
933 58 115 135 320 1202 1228 1612
934 118 126 435 438 442 841 1395 1505 2320
935 20 36 60 275 356 499 2194 2719
936 210 220 522 1027 1445 2120 2287 2720 2721
937 146 147 774 782 785 820 1947 2723 2724 2725
938 74 117 376 1244 2635 2726
939 72 74 77 96 99 101 115 376 538
940 20 22 165 277 388 617 883 884 1047 1543 2067 2727 2728
941 221 354 1541 1668 2103 2252 2290 2347 2729 2730 2731
942 147 774 785 788 1140 1719 2732 2733
943 25 28 257 260 498 499 500 1896 2180 2181 2734 2735
944 96 128 136 376 386 494 807 1579 1630
945 47 102 118 133 210 242 302 776 1184 1438
946 47 52 96 250 347 476 2736 2737 2738
947 55 78 80 185 376 527
948 56 111 453 615 676 677 911 2740 2742 2743
949 77 87 130 184 185 206 374 538 561 1200
950 54 159 826 1015 1514 2745 2746 2747 2748
951 109 277 2455
952 111 159 163 196 511 516 519 615 704 958 1010 1416 1528 1545 1712 2750 2751
953 47 52 105 755 2752
954 55 100 109 118 187 882 1174 1389 1850 2753 2754
955 78 79 98 130 361 376 572 1258 1889 2435
956 57 61 187 295 438 460 462 607 926 1136 1545 1923 2476 2505 2639 2755
957 134 480 493 917 1122 1240 1392 1524 2072 2074
958 171 184 363 364 365 859
959 43 47 66 74 91 135 171 372 832
960 73 78 80 81 184 185 377 560 1200 2757
961 35 52 97 165 228 318 703 878 908 1100 1502 1513 1559 1689 1901 2618
962 41 52 146 147 774 782 785 820 1719 1777 1832 1944 2759 2760 2761 2762 2763 2764 2765 2766
963 21 695 854 939 1662 1664 2492 2767 2768
964 275 295 890 2047 2769
965 36 191 2770 2771
966 22 75 80 87 96 126 127 261 413 477 635 2772 2773
967 13 36 46 102 105 277 560 799 941 1254
968 47 52 102 210 941 945 1261 1262 2358 2512 2776
969 52 74 80 87 115 127 134 368 560 861 917 1523 1871 2001
970 46 47 55 118 920 2777
971 55 74 75 79 80 87 102 127 254 2281
972 72 79 87 134 377 1061
973 60 1989 2531 2674 2778 2779 2780 2781
974 32 36 190 221 469 499 830 2161
975 45 46 55 104 117 293 295 863 891 1324 1896 2304 2782
976 67 133 157 422 774 814 1295 2674 2677 2688 2784 2785 2786 2787 2788 2789
977 36 243 2790
978 47 221 235 332 494 858 902 944 1088 1091 1589 2427
979 87 96 135 184 185 188 267 363 364 1231
980 46 47 389 391 572 765 1742 1880 2791
981 46 67 110 950 1278 1385 2149
982 41 45 47 95 235 236 385 671 920 1218 1590 2792
983 36 46 107 275 356 1139
984 154 158 159 165 462 613 616 703 704 705 1804 2743 2794 2796 2797
985 282 916 1198 1786 2214 2216 2798
986 46 55 107 1220
987 102 190 235 302 305 560
988 6 14 223 307 308 329 330 332 498 1109 1267 1422
989 2563 2799 2800 2801 2803 2806 2807 2808 2809 2810 2811 2814
990 96 118 124 235 1899 2815 2816
991 75 77 117 353 832 1325 2817
992 7 36 43 126 250 285 287 300 347 554 673 740 996 1091 2818 2819
993 37 52 55 221 293 355 495 1807 2020 2451 2535 2820
994 91 104 126 192 254 377 378 832 1754 1871 2175 2822
995 22 30 155 198 310 353 473 483 832 928 932 1338 1798 2158 2823
996 22 36 40 190 445 542 852 2336
997 306 531 541 654 678 928 1094 1664 2826
998 34 155 196 307 460 519 727 732 1530 2581 2588 2827 2828 2829
999 22 24 74 116 127 131 132 133 192 230 237 356 361 469 538 861 1080
1000 4 24 55 89 91 329 330 334 335 441 445 767 1272 1828 1893 2302 2371 2443
1001 66 2831
1002 66 377
1003 47 52 209 210 301 446 833 1979
1004 296 417 508 517 519 732 795 928 966 1384 1712 2832 2833 2834 2837
1005 66 79 87 90 117 127 171 254
1006 96 119 209 776 1224 1446 1518
1007 212 302 303 714 802 1119 1622
1008 34 52 53 165 197 704 1063 1136 2840
1009 58 77 386 397 1202 1228 2841 2842
1010 46 87 96 105 109 361 572 832 1832
1011 58 77 397 490 1228 1579 1612 2313 2560 2561 2564 2689 2804 2810 2814 2843 2844 2845
1012 52 96 119 242 800 1319
1013 41 52 714 1277 2848 2849
1014 72 74 75 81 87 105 117 127 132 230 237 361 1202
1015 184 2850
1016 79 130 137 184 185 773 2058
1017 53 102 111 165 453 610 703 1484 1801 2014 2851 2852 2853 2854 2855 2857
1018 74 75 87 91 126 131 134 254 861
1019 10 13 15 17 227 277 320 498 887 963 971 2858
1020 47 52 102 119 242 873 1523 2859
1021 118 127 235 406 538 772 1856 2147
1022 55 104 118 187 192 356 378 1443
1023 115 171 202 204 206 2862
1024 75 78 79 87 133 267 373 1018
1025 36 46 105 107 507 1322
1026 40 74 951 2526 2863 2864 2865 2866
1027 74 79 127 134 171 374 1153 2867
1028 132 185 237 698 923 1258 1324
1029 40 66 87 129 132 192 202 253 385 552 660 899 1037 1040 1310 2175 2868
1030 34 36 42 224 289 928 1182 1664 2253 2795 2869
1031 87 96 171 254 264 2868 2870
1032 111 187 460 516 617 668 1586 2702 2871
1033 115 133 544 762 977 1277
1034 147 774 782 785 788 2873 2874 2875 2876
1035 79 115 184 206 267 377 435
1036 54 91 134 377 832 976 1186 1742 2877
1037 7 42 96 211 250 532 800 1266 2879 2881
1038 36 191 447 558 879 883 2235 2882
1039 109 221 277 450 527 2884 2885
1040 184 232 237 377 979 987
1041 121 124 1122 1172 1869 1877 1974
1042 1136 2067 2347 2694 2887
1043 37 46 55 2888 2889 2890
1044 30 38 151 195 442 478 502 1105 1723 2891 2892 2893 2894 2895 2896
1045 53 111 512 516 795 1005 1009 2855 2897 2898
1046 35 100 118 191 261 445 903 926 1122 1502 1513
1047 89 118 210 441 446 493 874 2073 2861 2899
1048 47 352 505 802 1098 1118 1593
1049 34 36 42 96 217 286 534 1122
1050 47 102 302 305 776 863 1523 1524 2448
1051 95 2472
1052 36 227 275 445 499 788 2325
1053 24 30 72 105 161 272 676 684 858 957 1081 1896 1949 2613 2665 2669 2900 2901
1054 52 55 109 445 1662 2903
1055 52 199 576 1912 2905 2906 2908
1056 105 195 196 392 1036 1528
1057 55 105 110 235 391 399 863 1396 2910
1058 202 371 550
1059 261 548 806 1161 1162 1166 2911
1060 161 275 295 516 685 882 883 1528
1061 754 1748
1062 47 96 98 102 210 212 216 1445
1063 124 493 722 1122 1239 1240 1974 1997 2210
1064 46 105 267 389 391 469 1697 2912 2914 2915 2916
1065 52 55 73 80 133 387 560 1889
1066 55 74 80 128 130 361 570 899 1710 1960 2917
1067 223 297 320 498 684 883 1712 2067 2660 2826 2856 2918 2919 2920
1068 35 57 110 155 156 160 165 196 286 299 358 448 508 582 1502 1514 1536 2089
1069 102 118 302 325 560 776 802
1070 22 80 117 127 131 230 895 922 2921
1071 20 22 24 55 104 137 233 413 572 574 957 1950 2922 2923 2924 2925
1072 72 74 75 87 117 130 132 137 237 1141
1073 111 141 614 617 664 865 1088 1416 1586
1074 41 104 107 131 361 863 957 1324
1075 79 80 117 127 130 132 135 185 206 267 374 1325
1076 56 107 111 295 361 1078 1083 1969 2928
1077 36 52 276 352 356 357 487 1310 2604
1078 52 105 109 527 895 1662 2199
1079 119 522 994 1115 1256 1730
1080 55 104 223 442 508 673 681 1236 1277 2610 2819 2930
1081 516 790 2638 2933 2934
1082 52 114 119 124 134 188 527 756 1401 1466
1083 79 115 184 185 377 406 437 901 919 1145 1188 2485 2935
1084 46 47 78 79 98 117 131 137 185 572
1085 141 191 1989 2096
1086 36 52 55 97 189 221 294 2937
1087 22 155 161 293 887 1181
1088 156 196 418 422 510 519 795 843 1372 2593
1089 36 250 306 608 1453
1090 52 243 2504 2941 2942
1091 28 40 275 501 1667 2944
1092 26 256 257 499 883 1057 1571
1093 257 277 882 932 1047 1677 2649 2945 2948
1094 36 52 53 109 670 1144 1535 2463 2949
1095 13 191 265 329 332 2506 2950
1096 871 1523 1980 2114
1097 233 252 389 832 1141 2327 2953
1098 47 78 282 575 1144 1594 2116
1099 91 235 353 378 878 1218 1395 1587 1851 2020 2065 2627 2954
1100 22 46 53 132 192 385 2064
1101 22 24 40 55 107 109 230 261 361 399 957 1325
1102 102 1135 2654 2855 2957 2958 2959 2960 2961
1103 80 87 88 115 116 276 377 2698
1104 36 55 147 788 1325 1982 2307 2577 2962
1105 146 774 785 788 1140 1719 1944 2732 2764 2781 2963 2964
1106 24 126 445
1107 66 74 96 134 183 548 2966 2967
1108 34 36 52 155 195 228 511 735 928 1528 1530
1109 129 253 254 261 366 1558 2504
1110 51 459 468 959 1672 2968 2969 2970 2971 2972
1111 30 36 478 788 1311 2274 2973
1112 13 223 277 445 498 799 947 1492 1493 2974 2975
1113 24 80 98 131 132 230 237 361 919 1114 1336 2155 2977 2978 2979
1114 38 118 254 499 915 956 2260 2980
1115 36 96 151 155 1353 1777 1826 2823 2981
1116 96 114 136 211 286 358 361 653 679 682 1328 2551
1117 46 53 74 294 295 389 2937 2982 2983
1118 36 55 109 110 895 1345 1347 2245 2984
1119 34 37 45 52 55 105 109 252 469 1662 2434 2985
1120 36 107 141 165 388 438 695 769 882 1514 1805 2597 2741 2987 2988 2989 2990
1121 36 52 286 388 438 446 654 771 1042 1992 2120 2991
1122 109 114 286 1133 1342 1832 2199
1123 46 221 1235 1343 2517 2597 2719 2890 2992
1124 47 55 282 305 764 906 1020 1144 1556 2116 2995 2996
1125 24 41 132 558 673 1073 2414 2893 2997 2998 2999
1126 66 79 80 87 98 130 184 185 438 919 1277 3002
1127 75 145 399 900 1026 1469 2598 3004
1128 36 53 60 227 307 590 867 887 897 941 959 2194 2771 3005 3006 3007 3008
1129 79 87 134 135 171 267 560 1186 1230 1424
1130 34 35 42 211 622 623 624 630 1217 1721 2492 3009 3010 3011
1131 104 107 110 111 127 863
1132 613 904 989 1130 1440 3012 3014 3015 3016 3017
1133 221 224 277 496 932 941 1115
1134 47 118 504 756 1395 1538
1135 22 45 55 56 57 159 469 2507
1136 437 1372 2804 2806 2810 2814 3019 3020
1137 78 79 96 167 203 721 1040 1231 1820 1821 2071 3021
1138 36 46 191
1139 24 35 46 110 165 197 462 708 732 1114 1969 3022
1140 36 42 102 243 250 1523 3023
1141 41 102 128 133 280 282 353 776 989 3024
1142 1754 2686 3025 3026 3027 3028
1143 47 78 102 133 171 184 185
1144 4 55 197 254 334 383 446 857 858 1583 3029
1145 36 52 3030
1146 22 36 46 55 97 105 110 850 1174 2703 3031
1147 511 705 827 3032 3033 3035
1148 41 46 52 105 114 133 235 236 267 951 1103
1149 79 80 81 130 261 269 376 522 1410 1889 2083 2269
1150 41 46 165 197 456 462 554 1031 1218 1496 2102 3037
1151 16 22 116 190 221 237 407 2347 3038
1152 34 42 286 439 756 2199
1153 353 498 891 1018 2030
1154 75 79 87 91 115 184 185 377
1155 155 156 196 275 314 690 732 1384 2579
1156 46 293 516 882 883 888 2587 3041
1157 1 3 242 393 746 871 1148 1907 2172 2235
1158 54 60 507 520 608 899 2744 3043 3044
1159 53 56 158 159 165 196 511 512 516 517 610 1586 1712
1160 91 106 353 832 1181 1494 3046
1161 32 40 66 243 252 276 1231 1325 3047
1162 79 184 270 406 901 1153 1154 2935 3048
1163 55 126 494 754 802 902 1144 1315
1164 47 76 78 184 583 1153 2159
1165 36 46 102 105 165 187 391 518 608 2434
1166 7 34 211 216 250 286 347 362 655 803 1214 1290
1167 74 77 185 237 377 919 1651 1889 2297
1168 36 126 132 134 171 238 1696 3049
1169 72 87 127 237 254 399 539 540 3050
1170 66 79 127 132 237 254 540 863
1171 45 105 165 190 389 391 399 467 1396
1172 35 46 51 55 105 109 154 165 388 391 471 1174 3051
1173 81 98 171 363 364 365 538 3052
1174 73 77 81 87 135 145 185 374
1175 66 72 75 79 87 91 126 377 540
1176 36 52 109 224 228 277 306 523 766 1088 1091 1416 3055 3056 3057
1177 74 127 184 232 363 568 613 764 933 1875
1178 117 661 692 1612 2084 2566 2843 3003
1179 47 120 210 282 302 771 1872 3058 3059 3060 3061
1180 24 34 48 54 196 223 615 670 708 752 769 2587 2888 2988 3008 3062
1181 491 1776 1822 2130 3063 3064 3066 3067 3068 3069 3070
1182 184 221 237
1183 47 55 131 134 171 267 382
1184 47 55 91 392 1056 1178 1589
1185 46 55 105 133 187 392 399 528 614 652 755 3071 3072
1186 32 40 42 196 307 358 844 928 961 3074
1187 47 102 118 197 577 1276 1507 2328
1188 36 242 393 395 741 1165 1214 1216 1288 1641 1993 3077
1189 165 222 224 228 771 1738 2199 2314 2315 2987 3078 3079 3080 3081
1190 28 32 38 257 260 1294 1353 2181
1191 51 716 764 878 1798 2992 3085
1192 411 484 510 513 2406 2408 2786 3065 3086 3087 3088 3089 3091
1193 34 36 106 109 318 1325 1513 2272 2275 2434 2631 3092 3093 3094 3095
1194 73 79 80 87 117 185 366 899
1195 46 53 55 159 163 295 696 1103 1541 2290
1196 135
1197 155 156 160 196 297 509 961 1528 1531 2194 3096 3097 3098
1198 35 96 197 445 994 1001 1091 1730
1199 46 105 190 252 858 878 1235
1200 46 55 80 96 105 133 253 354 2281 3099
1201 716 941 1132 1437 3100 3102
1202 36 209 803 1290 1362 2009 2142 3103
1203 445 446 755 3104
1204 287 362 941 2360 3105 3106
1205 76 118 301 376 714 3107
1206 147 785 1883 2766 2781 3108 3109 3110 3111 3112 3113 3114
1207 96 98 377 951
1208 52 57 96 118 119 133 210 438 1536 1756 2078
1209 36 52 241 243 356
1210 118 130 134 376 538 700 923 1258
1211 16 55 190 401 1027 1075 1854 2120
1212 96 102 118 210 216 217 303 494 589 776 806 1283
1213 46 53 55 105 141 572 670 708 882 1095 1103 2064
1214 48 54 154 670 852 1088 1091 1543 1580
1215 73 75 79 87 98 372 919 1060
1216 144 151 813 1042 1592 2096 2414 3110 3118 3119 3120 3121 3122 3123
1217 18 34 35 42 100 102 289 655 1425 3124 3125
1218 46 52 53 54 105 111 158 165 196 282 483 670 715 1395 1416 1545 1556 2628 2653
1219 96 210 427 936 941 1015 1354 1437 3126 3127 3128 3129 3131 3132
1220 102 137 187 245 301 302 303 1589
1221 141 300 774 782 1750
1222 74 75 79 80 117 127 135 185 377 1409
1223 78 80 96 118 361 371 389 1091
1224 128 151 235 541 617 676 1630 1982 2638 3134 3136 3137 3138 3139 3140
1225 36 47 87 96 118 286 438 673 3141
1226 79 96 118 133 184 185 538 1244 3142
1227 197 199 318 752 1010 1015 1030 3144
1228 46 105 107 118 190 446 475
1229 190 243 244 841 1122 1440 1461 2074 2162 2595 3145 3146 3147
1230 55 102 119 126 127 286 802 1820
1231 35 36 208 703 705 1446 2476
1232 46 52 118 126 133 431 1144 1324 1391 1593
1233 47 210 280 776 1015 1594 1673 1869 3148
1234 36 56 154 157 196 519 616 681 735 945 1248 1586
1235 79 115 132 137 184 185 254 377 832 901 3149 3150
1236 41 52 55 102 105 118 302 303 575 754 822
1237 91 104 154 165 433 462 860 895 1406 2695 3151
1238 64 70 136 422 508 510 512 515 601 795 912 1559 2464 2616 3152 3153
1239 46 55 104 187 252 1406 2065 3155
1240 24 39 52 127 385 427 477 1395 2815 2953 3156
1241 76 133 184 185 206 832 916 923 1419 1899 2817
1242 39 567 622 645 1112 1494 3158 3159
1243 35 104 118 130 137 254 293 708 712 1319
1244 46 47 130 135 184 185 374 376 538 560 561 572 863 1080 1324
1245 46 105 107 109 159 1345 1347 3160
1246 36 46 47 105 109 110 382 391 1020 1255
1247 14 16 17 307 320 835 860 1270 1271 1698 1827 2613
1248 46 55 74 87 187 3047
1249 163 422 508 615 617 1325
1250 36 109 346 394 1022 1810 1811 2199
1251 948 1163 2357 3162
1252 96 133 1122 1316 3163 3164 3165
1253 79 87 134 135 184 185 206 538 698 1258
1254 96 117 127 276 366 807
1255 36 109 224 685 2197 3166 3167
1256 46 102 190 199 267 305 391 2161
1257 48 51 54 111 141 154 159 165 615 670 719 878
1258 48 51 53 111 159 163 190 297 507 719 878 1004
1259 55 57 187 229 708 715 1003 1004 3168 3169 3171 3173
1260 37 55 141 221 354 387 685 697 1870 2290
1261 735 904 1136 1624 2477 3174 3175 3176 3177 3178
1262 57 96 185 206 239 377 413 673 1278 1545 1781 2910 3179
1263 36 196 459 478 556 949 1032 1220 1435 1973 2541 2786 3180 3181 3182 3183 3184 3185
1264 47 80 81 96 127 130 135 185 374 376 1200 1871
1265 52 55 109 118 210 770 776 989 1092 1756
1266 37 46 55 56 105 141 187 391 523 1396 2103
1267 96 102 118 199 302 303 376 426 1501 3188 3189
1268 43 91 96 119 126 133 694 715 1018 1407 2163 3190 3191
1269 46 55 111 223 356 1253 1797 3151
1270 44 109 159 352 1168 1182 2604 3192 3195
1271 54 55 102 118 199 301 575 708 712 920
1272 74 79 98 184 185 267 368
1273 36 52 105 212 293 776 821
1274 104 117 131 137 187 413 923 1141 1393 1950 2058 2065 3196 3197
1275 232 988 1773 1863 2038 2460 2481 3118 3123 3198 3199 3200 3201 3202
1276 155 164 257 275 320 332 498 887 1036 1795 3006 3203
1277 46 52 134 243 325 393 726
1278 75 87 96 135 184 238
1279 55 190 282 1389 1395 1556 1868 1988
1280 61 203 385 558 893 2915 3204 3205
1281 1310
1282 46 66 726 1073 1549 2921 3206
1283 74 98 254 261 364 3207 3208
1284 74 127 145 1228 1229
1285 80 87 96 134 185 364 374 376 1186 1200 2548 3209
1286 45 55 56 110 187 188 1397 1401
1287 34 109 232 1342 1662 1752
1288 699 917 1659 1821 2441 2602 3211 3212
1289 46 105 107 110 391 571 608 765 1139 2489
1290 118 199 209 210 212 215 525 776 822 1098 1502
1291 36 188 608 775
1292 102 305 560 776 920
1293 47 79 87 93 305 399 759 862 1190
1294 78 118 130 133 184 185 239 3213
1295 79 110 130 538 560 561 1186
1296 48 354 608 998 1947 2271
1297 46 78 302 560 1391 1589 1868 2116 3214
1298 76 473 951 1469 3215 3216
1299 47 78 79 118 134 184 267 301 714 919 1315 3217
1300 72 73 78 79 81 87 98 135 185 538 692 919 1258
1301 32 52 192 257 275 499
1302 72 74 75 96 100 120 269 377 1651
1303 24 114 238 239 353 385 497 1855 1959 2997 3218 3219
1304 76 77 78 79 96 130 184
1305 41 58 115 118 134 263 267 560 1424
1306 24 36 54 378 637 878 1664 1717 2826 3008 3103 3158
1307 47 96 98 102 127 184 267 1756
1308 46 47 63 109 276
1309 40 50 295 500 507 1235 1237 2066 2298 3220 3221 3222 3223
1310 24 97 118 164 197 286 443 727 771 1039 1979
1311 41 80 96 133 192 263 831 1697 2175
1312 72 75 87 98 115 127 184 377 1202
1313 96 124 493 1122 2074 2717 2877 3224 3225
1314 46 47 96 105 118 133
1315 56 57 108 159 295 453 516 1536
1316 63 80 96 132 171 185 1659
1317 16 34 52 96 100 126 199 286 771 2841 3227 3228
1318 78 80 104 376 382 413 570 773 1011 2269 2540 3229
1319 21 24 40 56 154 196 460 517 574 582 732 843 998 1496 2030 2281 2590 3230
1320 74 80 81 371 508 554 1034 1325 1342 1408 3231
1321 47 78 96 118 184 267 538
1322 1236 2281 2590 3232 3233 3234 3235 3236 3237 3238
1323 78 79 81 104 118 131 137 184 185 538
1324 102 136 208 212 213 295 2323 3239
1325 96 110 413 494 1020 1781 1889 3046 3240
1326 47 55 96 102 391 392 427 528 1126 2307 3241
1327 47 96 118 133 303
1328 208 210 219 824 827 1438 1777 3242 3243 3244
1329 46 296 572 895 1397 3245
1330 26 34 52 105 190 221 277
1331 36 42 249 325 533 3247 3248 3249 3250
1332 47 66 87 96 118 120 126 238 1040 1122 1788
1333 96 208 209 210 212 216 242 347 535 969 1029 2878 3252 3253 3254 3255
1334 55 107 127 361 524 733
1335 91 118 253 923 2548 3256
1336 35 42 398 401 402 673 928 1288 1722 2736 3257 3258 3259 3260
1337 46 47 87 105 127 190 552 1346 2504
1338 35 165 769 888 1514 1803 2057 2067 2660 3040 3262 3263 3264
1339 52 109 112 187 190 275 293 295 354 732
1340 362 1734 1973 3265 3266 3267 3268 3269 3270 3271
1341 224 277 1057 2661 3272 3273
1342 3274 3276 3277 3278 3279 3280
1343 4 8 332 337 608 1605 2882 3079 3282
1344 218 220 1076 2995 3283 3284
1345 21 104 187 223 295 703 957 1042 1114 1312 1618 2298 3079 3285 3286 3287
1346 119 124 155 286 367 1311 3290
1347 24 356 357 361 457 483 519 863 2090 2113 3291 3292 3293
1348 96 119 126 445 474 499 2371 3235
1349 107 111 221 223 293 3294
1350 60 157 789 1229 3208 3296 3297
1351 36 46 109 133 863
1352 46 80 96 133 134 1185 1186 1424
1353 87 98 115 118 133 135 171 206 374 377
1354 221 352 475 891 1039 1255
1355 22 30 38 227 257 498 499 502 887 1311
1356 66 135 237 1413 1463 1659 2912 3052 3301
1357 55 87 830 1821
1358 55 58 74 75 117 133 137 377 399 1219
1359 53 221 224 511 608 3294 3304 3305
1360 47 96 105 118 254 267 302 802
1361 279 354 764 945 1135 3306
1362 75 184 538 1258 2520
1363 36 46 109 111 210 295 457 1080
1364 16 36 52 53 102 105 155 230 716 863 1015 1131 2469 3309 3310
1365 75 79 89 185 206 437 1244 2128 3048
1366 46 54 107 304 528 722 764 1305 1621 3171
1367 46 77 81 87 134 135 171 206 364 698 2603
1368 36 52 60 105 941 1254 1256 2519
1369 12 393 928 937 1388 3311 3312
1370 75 81 87 127 132 134 254 378 863
1371 58 66 81 133 145 377 1228 1325
1372 22 36 43 45 60 96 118 199 442 776 989 2819
1373 47 78 131 185 267 406 777 832 1257 2401 3314
1374 7 52 241 991
1375 102 133 267 772 773 1231 1259 1322 1397 1589
1376 36 102 105 293 511 640
1377 46 110 190 382 391 528 765 863 1153 3315
1378 47 78 126 131 202 237 800
1379 16 22 111 131 161 257 265 858 1235 1542 1896 2046 2302
1380 36 53 259 501 3317
1381 245 1311
1382 40 61 96 254 303 830 915 1799
1383 44 105 190 219 221 799 1104 1315 1388 1526 1777
1384 54 105 109 136 190 219 254 764 1364 2995
1385 107 111 199 235 354 1103 1502
1386 36 37 46 105 145 391 392 530 572 766 1042
1387 0 4 36 52 307 332 334 337 498 654 1499 1607 2118 2120
1388 171
1389 96 104 334 378 438 442 857 1085 1244 1315 1318 1395 2557 3319
1390 36 46 141 1526 2884
1391 72 74 87 127 254 830 1188 1258
1392 34 36 42 109 285 289 366 879 1878 2504
1393 156 314 460 486 517 2030 2281
1394 96 105 118 124 254 432 723
1395 46 52 80 96 102 105 133 188 304 354 776 1186
1396 63 130 134 159 376 560 868 1016 1020
1397 46 52 96 863
1398 368 371 662 1348 2504 3041
1399 79 80 87 171 184 185 363
1400 46 55 105 112 163 293 388 391 1095
1401 46 55 102 105 107 111 187 571 572 863
1402 87 116 126 132 185 269 721 1408 1477 3323
1403 47 134 171 365 1156 1186 1462 1742 3324
1404 75 110 137 184 187 235 353 399 413 468 895 2070 3325
1405 72 74 79 87 171 237
1406 46 105 110 392 429 1363 3326
1407 46 96 119 190 392 522 524 525 529 738 992 1020 1477 2342
1408 617 695 1801 3327 3328
1409 102 133 473 3329 3330 3331 3332
1410 87 96 98 130 177 254 1889 2261
1411 72 73 81 87 98 132 135 237
1412 46 55 67 105 391 413 703 1255 1678 1764
1413 72 74 75 79 87 96 131 133 184 185 203 237 377 3333
1414 52 53 55 219 223 235 353 863 1396 1416 2020
1415 47 388 1180 1261 1502 2652 3012 3334 3335
1416 55 57 118 165 221 293 472 526 1341 3336
1417 47 96 102 118 210 301 304 569 1126 1144 3337 3338
1418 196 261 1310 3339
1419 52 346 393 991 992
1420 20 34 36 37 54 133 253 286 293 355 452 617 854 998 1220 1551 1891
1421 377 672 788 979 1439 1575
1422 126 210 216 218 300 395 1216 2736 3340 3341
1423 24 72 77 87 88 117 127 131 237 413 858 861 957 3151 3342
1424 74 79 80 127 372 1570
1425 55 96 119 652 1040
1426 77 81 128 397 1232 1258 1570 2054 2562
1427 46 91 96 102 105 114 188 523 1253
1428 36 55 164 191 499 500 879 2231
1429 36 52 523 568
1430 36 105 681 1315 2069
1431 102 212 304 3343
1432 79 80 81 87 117 131 132 230 919 957 1789 3344
1433 0 273 933 934 935 937 1999 3346
1434 43 209 253 276 334 446 835 1082 1118 2256 2529 3348
1435 77 80 107 118 130 137 253 1200 1344 2064
1436 55 79 171 469
1437 79 98 135 184 185 206 363 376 538
1438 46 107 114 115 133 190 230 391 863 1080 3349 3350
1439 47 118 124 210 358
1440 96 131 286 474 495 808 863 1322 1404 2484 3356 3357 3359
1441 47 52 102 118 210 738 989
1442 66 72 87 126 254 539
1443 799 1057 1592 2577 2943 3361
1444 320 500 524 887 1046 1493 1495 1636 2085 2474 3203 3365 3366 3368 3369
1445 7 34 42 96 109 215 446 902 944
1446 102 128 137 165 196 197 459 866 1031 1100 1131 1570 3370 3371 3372
1447 24 38 321 353 1267 1605 2157 2950 3374
1448 128 141 422 799 889 1088 1776 2406 2666 3376
1449 34 42 90 211 285 314 507 756 929 1554 3092
1450 56 159 223 413 1004 1326 1546 1555 2506 2645 3175 3377
1451 254 478 549 880 893 1220 2098 2336 3183 3379 3380 3381 3382 3383 3384 3386 3387 3388 3389
1452 21 36 57 60 359 447 774 788 1236 1526 2760 3390
1453 36 346 608 1140
1454 80 87 117 135 185 698 923 1258 1324
1455 36 151 442 1041 3391 3392
1456 24 104 187 223 877 3393
1457 73 79 98 130 364 699 1186 2602 3394
1458 74 80 87 127 469 2234
1459 3395 3396
1460 36 52 55 105 109 118 286 297 354 388 703 1389 1396 2254
1461 22 41 80 96 131 134 267 356 560 863
1462 54 55 106 110 111 252 388 2290
1463 165 315 362 1010 1514 1528 3269 3397
1464 189 191 608
1465 242 526 726 756 991 3400
1466 145 161 163 296 484 491 492 499 2359 2412 2414 2418 2719 3086 3088 3401
1467 129 261 445 574 767 2649 3223 3238 3402 3403 3406
1468 32 72 207 237 254 557 2065 2700
1469 36 145 276 2040 2414 3104 3351
1470 55 74 104 132 137 233 389 399 433 469 842 957 1918 2923
1471 96 115 120 184 377 522 1278 3020
1472 66 110 117 354 1923 3408
1473 96 118 126 302
1474 105 476 1023 1416 1777 2512
1475 46 52 87 96 115 118 119 976
1476 13 104 223 275 681 1278 1973
1477 419 511 670 1343 3299 3410 3412 3413 3414 3416 3417
1478 34 36 40 43 45 250 1225 1673 2060 3418
1479 137 187 190 387 696 772 1048 2273
1480 36 196 198 486 519 727 939 1617 3083 3161 3420 3421 3422 3423
1481 184 302 859 863 3424
1482 79 80 104 202 204 413 1825 2868 3196 3425
1483 36 52 164 229 306 541 928 932 1022 2554 3426
1484 55 134 137 184 267
1485 70 418 590 1960 2565 3427 3428 3429
1486 66 72 79 87 238
1487 46 96 216 243 305 772 1392 1775 2879 2995 3430
1488 77 96 3431
1489 73 75 78 79 81 87 127 135 270
1490 3432
1491 35 154 250 720 3037 3434
1492 96 756 3435 3436 3437
1493 325 395 1148 3438
1494 55 187 223 224 297 883 1046 1493 2066 3186 3440
1495 46 47 63 78 105 107 114 133 863 2602 3441 3442
1496 20 46 52 197 992 1204 1662
1497 96 124 1283 2264 2323
1498 79 80 96 118 134 171 184 185 538 830
1499 0 8 118 199 337 835 1020 1315 1739 3356 3443
1500 624 637 928 1181 1754 1798 2772 3349 3444 3445
1501 118 235 305 772 1868
1502 36 45 165 863 1231 1259 2434 3446
1503 41 87 102 133 171 560 976 2232 3447
1504 46 52 55 105 107 109 114 267 353 863 1235 1396 1662 2877
1505 46 47 78 96 102 105 190 267 305
1506 80 87 130 372 374 376 1186
1507 20 45 57 91 104 137 159 187 353 382 472 1494
1508 155 187 196 508 516 519 621 888 1006 1545 2593 3448
1509 22 110 131 132 137 187 237 472 1412 2777 3449
1510 24 46 52 55 105 107 275 356 357 360 1079 1234 1308 1517 3450 3451
1511 55 74 78 116 133 276 353 1369 1395 1542 1754 1756
1512 78 79 87 96 127 135 185
1513 67 71 128 136 908 1565 3084 3187 3452 3453 3454
1514 36 46 55 109 387 523 528 572 821 1103 1545 2020
1515 34 36 42 325 362 1189
1516 36 60 309 843 845 846 853 1089 1372 1479 2246 2292 2294 2295 2296 2804 3455 3456 3457 3458 3459
1517 70 72 73 87 127 135 807 1570
1518 20 35 36 52 165 1236 2674 2683 2969 3460
1519 102 109 118 438 875 1126 1986
1520 36 141 362 568 608 2647
1521 43 47 52 75 96 118 126 493 834 3462
1522 72 237 254 915 3463
1523 46 55 105 392 528 708 764 1253 1389 2627
1524 80 253 261 358 361 863 1082 1308 1368 3244 3464 3465
1525 46 109 527 1140
1526 106 1091 2597
1527 36 166 191 662 1303 1347 3300
1528 100 287 438 746 964 1046 3468
1529 163 230 297 1257 1315 1972 2252 2341 2514
1530 36 55 109 286 354 481 1662 1664 2199
1531 104 131 133 134 137 374 1231 1504 2056
1532 72 75 96 115 127 133
1533 110 133 145 233
1534 1352 2722 3409 3470 3471
1535 53 136 187 1127 2512 2554 3127 3472 3473
1536 2243 3474 3475 3476
1537 80 81 117 132 133 254 3379 3477 3478
1538 21 196 462 1528 3174 3479 3480
1539 20 40 46 107 196 530 956 1961 2884
1540 55 72 75 77 78 79 88 137 538 2020 2485
1541 80 87 127 128 130 133 538
1542 46 55 96 107 114 190 293 295 391 528 764 878 1095 2601 3481
1543 20 104 223 227 257 275 354 445 729 883
1544 511 516 1088 1091 3171 3352 3482 3483
1545 22 104 134 477 564 915
1546 20 155 479 608 1528 1672 2031 2492
1547 209 219 242 250 543 1115 1172 1854 3485
1548 55 81 87 116 171 184 185 239
1549 276 2071 2953 3486
1550 35 40 52 197 280 286 439 443 727 1031 1309 1327 1442 1502 2340 3487
1551 46 70 155 163 356 519 522 582 763 844 854 875 957 1308 1617 3489
1552 46 107 128 136 190 361 389 571 776 863 1278 1324 1583
1553 105 137 171 364 698 1409 1413
1554 47 208 210 302 303 398 589 802 1119 1297 1503 3490
1555 1101
1556 45 54 55 212 301 1122 2013 2015
1557 22 46 55 190 354
1558 57 155 158 164 676 707 959 2030 2829
1559 96 126 137 184 185 301 801 841 1452 1760 3217 3491
1560 52 210 235 804 873 902 914 932 941 945 2058 3492
1561 289 704 1216 1514 2012 3494
1562 22 131 187 239 433 442 472 1278 2501
1563 55 74 80 81 98 117 118 130 135 261 267 919 1258 1889
1564 42 211 286 325 442 632 1225 1342 2009 3495
1565 395 512 519 541 615 617 1010 1079 1586 2365 2415 3220 3375 3496 3497
1566 72 80 87 96 127 131 1200 1324 1414 3241
1567 96 119 120 124 125 601 735 776 807 1307 1624 2289
1568 26 36 74 199 210 277 361 941 1078 1969 2554 3499
1569 2360 3500 3501 3502
1570 46 78 87 105 131 527 1345
1571 56 104 108 111 128 154 159 297 513 1009 1712 3186
1572 55 96 137 187 295 361 572 708
1573 74 75 80 87 230 237 373 1020
1574 46 78 80 118 134 171 364 374 863 3504
1575 47 87 96 102 105 131 171 267 1324 2269 3505 3506
1576 178 291 426 795 912 1030 1321 1449 3508
1577 102 115 128 133 1153 3509
1578 52 55 102 105 114 235 523 681 738 1079 1342 2593
1579 74 80 133
1580 4 47 155 164 224 242 427 456 871 971 1262 2858
1581 96 118 257 271 505 650 754 1052 1053 1055 1058 2302
1582 77 79 96 131 137 185 206 267 363 433 808 923
1583 265 2950
1584 34 46 57 96 105 107 190 221 293 391 392 764 2161
1585 100 197 289 704 928 945 1022 1216 1289 2522 3494 3511 3512 3513
1586 117 131 135 184 185 206 919
1587 147 715 774 1140 2123 2194 2890 3514 3515
1588 7 63 129 132 209 272 325 453 507 1029 1073 1388 2175 2887 3516
1589 36 52 55 105 114 188 243
1590 46 61 282 1016 1259 1589
1591 21 36 46 57 105 155 157 187 221 419 483 572 903 1374 3517
1592 77 554 923 2064
1593 52 306 688 1103
1594 79 87 118 171 185 254 267 363 538 560 1186 1463
1595 614 799 878 1543 1545 1859 2048 2290 3521 3522 3524
1596 45 105 110 154 223 235 1181 1469 1526 3525 3526
1597 58 73 74 75 81 87 127 232 377 399 674 951 1202 2566
1598 36 1140
1599 136 254 366 807 899 1322 1487 1955 1956 3244 3528 3529
1600 96 653 916 1126 2319 3338 3481 3530 3531 3532 3533 3534
1601 66 72 74 117 131 137 185 237 1202
1602 46 47 55 78 295 1589 3535
1603 36 96 118 159 187 190 528
1604 36 57 96 245 293 385 388 474 499 729 957 1318
1605 58 77 80 87 117 130 1612
1606 87 253 358 445 1082 1083 1310 1607
1607 155 483 509 517 728 732 1005 1136 1585 2454 3537 3538 3539 3540
1608 52 102 159 715 878 906 1395 1556
1609 183 184 185 203 540 862 919 1187 1659 2106 3543 3544 3545 3547
1610 46 47 52 55 96 102 118 560
1611 36 47 53 56 109 141 223 1437 3548
1612 37 57 118 136 453 462 541 1528 1555 1923
1613 165 613 708 1502
1614 75 80 87 96 115 133 135 377
1615 102 119 126 243 244 247 325 427
1616 87 372 548 2214
1617 81 87 88 254 1233 3549 3550
1618 81 98 131 137 184 185 376 723 1325
1619 46 190 295 391 392 755 799 1253 3072
1620 36 66 354 3552
1621 52 113 124 356 378 998 1131 1240 1526 1595 2643 3553 3555
1622 40 96 104 276 413 433 472 957 1044 3556 3558
1623 26 190 3559 3560
1624 270 366 1198 2285 3024 3561
1625 78 80 130 919
1626 79 80 130 132 185 254 372 538
1627 222 392 944 1135 1184 2959 2960 3493 3562 3563 3564 3565 3566 3567 3568
1628 1122 1754 2074 3569
1629 105 154 878 1078 1218 1556 1752 2815 3441 3570
1630 102 130 210 216 302 303 377 427 657 871 902 941 2554
1631 118 126 127 134 329 528 858 861 863 1020 1397
1632 4 5 307 314 320 333 678 971 1271 1604 1608 1740 3571 3572 3573 3574 3575
1633 74 75 79 80 87 133
1634 96 131 134 185 413 433
1635 46 52 55 91 109 832 1255 2434
1636 46 55 105 163 235 391 863 1253 1797
1637 36 52 55 104 105 154 159 223 235 382
1638 41 73 80 87 135 366 373 1141 1788
1639 74 79 87 185 206 270 1697 3020 3577
1640 187 227 293 445 474 500 557 765
1641 46 114 159 301 305 498 712 1874 1875 2028 2719
1642 21 22 74 159 483
1643 60 228 241 250 347 788 1732 3579
1644 66 292 442 542 675 1580 1583 3452 3580 3581 3582 3583
1645 6 10 15 19 273 331 333 334 968 971 2158 2589 3584
1646 96 575 653 756 860 1388 1547
1647 105 223 863 3585
1648 26 34 55 98 1057 1303 2522 2719
1649 47 78 98 110 184 191 377 608
1650 3586 3587 3588 3589 3591 3592
1651 44 463 618 1548 2326 2984 3170 3173 3593 3594 3597
1652 66 72 80 131 230 237 267 405 539 956 3516
1653 79 135 171 184 185 206 363 373 923 1258
1654 126 548 3599
1655 100 111 291 314 382 511 708 883 3600
1656 3602 3603 3604
1657 107 112 163 295 523 1396 2020 3606
1658 72 79 96 539 1199 1412
1659 210 703 1012 1126 1130 1986 2015 2469 2797
1660 241 242 250
1661 715 3608 3609
1662 241 250 393 394 1115 1490 3610
1663 221 541 676 677 795 940 3032 3426 3611
1664 46 190 523 765 3069 3084
1665 63 127 135 184 185 206 363 538 699 1258
1666 35 141 147 462 608 1140 2216 2963
1667 114 119 446 871 971 973 1016 1523 1604 1606 2543 2567
1668 96 3616
1669 210 1124 1372 3618 3619 3620 3621 3622
1670 36
1671 484 630 897 2279 3623
1672 45 58 74 75 81 128 135 385 674 1465 2311 3624 3625
1673 47 118 184 437 772 776 859 1153 2338
1674 74 77 87 96 127 133 135 357
1675 196 460 512 519 601 727 795 844 856 1010 1528 2467 2593 2706
1676 53 104 114 235 334 776
1677 35 36 37 46 96 107 118 119 388 442 528 572 752 1030 1389 3627 3628
1678 36 42 111 286 475 522 1389 1477
1679 47 135 538 1258 1401
1680 74 133 542 1293 1294 1411 3629 3630
1681 551 2276 2785 3631 3632 3633 3634 3635 3638 3639
1682 223 617 883 1545 1677 2065 2353 3640
1683 197 865 1010 1136 1528 3398
1684 36 42 285 450 655 947 1225 1878 3092 3180 3642
1685 53 196 510 1528 1530 1535 3643
1686 36 568 608 2647
1687 70 119 124 2073 3644 3645
1688 119 577 767 1236 1873 3646
1689 608 951 1988 2371 3201 3553 3570
1690 45 74 75 77 87 90 127 128 255 377 951 2311 3624 3647
1691 74 77 133 863
1692 54 158 159 165 197 208 212 253 280 356 358 776 989 1278 1503 2013
1693 70 102 120 128 136 376 2689
1694 66 74 79 90 134 185 238 254 363 435 1143 1787 2335 3648
1695 47 107 109 133 134 187
1696 22 26 277 799 882 883 1677 3649
1697
1698 74 131 132 133 137 237 254 288 389 399 957
1699 45 159 223 608 1807 3282 3580 3650
1700 108 252 279 297 878 1003 1091 1128 1467 1650 3423 3651 3652
1701 40 47 52 96 118 133 134 302 560 863 915 1502
1702 32 161 196 727 883 1333 2031 2669 3292 3517 3653 3654 3655 3656 3657
1703 41 45 52 74 80 87 540
1704 52 79 96 114 116 118 132 134 184 252 385 863 1255
1705 22 104 131 137 187 353 361 413 957 1081 1324 1325 1487
1706 46 112 187 388 391 392 571 1183 1253 1416
1707 70 1623 1893 2268 3659
1708 774 782 785 1126 2577 2683 3279 3662
1709 22 117 132 295 516 989 1235 3151
1710 77 863 1202 1258 1306 3663
1711 55 102 141 352 608 920 1091 1178 2429 2586 3423
1712 46 55 105 112 190 391 392 528 764 1103 1386 3664
1713 42 47 55 118 133 267 431 652 1589
1714 98 171 184 185 210 263 269 714 1410 1888 3142 3442
1715 46 50 53 100 163 518 708 799 882 1103 2795 3298
1716 42 119 211 284 286 895 1288 1836 2998 3261 3665
1717 35 90 96 110 118 187 767 802 824 1033 1324 3666
1718 199 254 302 303 494 776 2839
1719 24 131 223 230 231 276 483 891 1257 1416 2498
1720 24 145 625 645 1091 2360 2966 3434 3668 3670
1721 36 307 332 378 442 498 879 887 2892
1722 3671 3672
1723 20 136 196 538
1724 36 164 680 887 895 941 1089 1308 3673 3674 3675
1725 563 2003
1726 43 80 96 118 210 242 301 477 738 802
1727 46 109 252 467 918 1260 1461 1662 2434 3676
1728 36 96 118 171 188 194 267 897 1259 1461 2162
1729 105 163 473 3677 3678
1730 1901 3679
1731 78 105 282 305 391 1589 1974 2401 3682
1732 22 445 485 487 685 1326 2498 3022 3683 3684 3685 3687
1733 7 217 242 288 655 1329 3688
1734 22 66 126 145 245 433 492 1110 1448 2835
1735 24 55 131 187 190 196 210 286 439 1122
1736 55 118 254 859 2696
1737 46 52 55 391 1103 1396 2739 3690
1738 109 134 171 286 858 1545
1739 55 111 878 1128 1255 2469 2910 3441 3692
1740 46 55 105 114 467 764 1231 1259 1397 1545 1662 2643 2992
1741 46 77 80 96 117 127 808 2269
1742 154 235 876 1248 1883 3693 3694
1743 254 271 296 442
1744 60 102 128 282 980 1556 3695
1745 257 307 501 799 1592 3365 3696 3697 3698
1746 47 171 184 185 267 863 1814
1747 77 136 185 270 377 1228
1748 107 764 1003 1691 2298 3298 3699 3700
1749 66 72 87 98 102 184 185 232 377 442 673 1276 1278
1750 105 571 1095 2638 2900 3186
1751 22 58 74 87 127 185 196 1202 1612 3701 3702
1752 47 52 102 105 190 210 697
1753 52 241 771 806 1254 3579
1754 54 128 136 376 415 426 510 515 790 791 2028 3704 3705 3706
1755 106 827 1438 3708
1756 52 195 196 200 314 479 483 486 727 763 939 1100 1309
1757 74 75 276 334 385 399 446
1758 36 102 105 953
1759 196 275 462 508 510 513 519 967 2579 3235 3710 3711
1760 35 36 50 293 624 632 1720 1721 2142 2143 3597 3713 3714
1761 33 35 46 104 105 109 158 197 456 1051
1762 52 805 834
1763 22 98 127 137 276 378 1324
1764 56 96 154 232 389 413 459 1218 1883 2058 2703
1765 282 759 950 2462 2604 2730
1766 36 187 197 401 438 442 827 956 1496 3719
1767 66 74 80 109 127 130 131 136 202 382
1768 42 96 125 243 250 504 580 802
1769 34 36 97 250 347 726 740
1770 44 54 221 228 654 879 993 998 2856
1771 80 185 202 204 859 923 1051 1143 2160
1772 478 3720 3721 3722 3723 3724
1773 508 515 601 735 794 1011 1513 1628 3191 3498 3725
1774 67 155 277 422 531 601 769 795 965 1092 1482 2264 2579 3726 3728
1775 16 54 55 109 159 864 941 1650
1776 235 252 770 2065 2193 3407 3677 3729 3730 3731 3733
1777 46 106 231 863 1257 1385 1542 3245 3734
1778 52 96 210 235 732 776 854 998 1869 3735
1779 128 366 418 590 594 1956 3295 3736 3737
1780 36 52 54 102 154 608 1108
1781 46 52 102 105 118 188 282 3156
1782 163 286 313 472 476 870 2073
1783 80 128 542 796 1624 2311 3741
1784 126 213 242 1151 1523 1980
1785 24 314 343 438 478 732 971 1237 1338 1455 1646 2674 2826 3681
1786 78 96 385 1144 1589 1604
1787 155 362 763 962 2969 3742 3743 3744 3745 3746 3747 3749 3751 3752 3753
1788 24 196 198 460 479 486 509 727 967 1304 2264 2452 2453
1789 102 306 358 395 1022 2152 2168 2736 3034 3073 3754
1790 46 96 105 243 391 571 765 1446
1791 36 46 55 105 106 110 111 159 163 233 413 1257
1792 96 295 446 528 722 1253 1389 1615
1793 46 52 55 276 353 389 399 1197 3755
1794 46 52 105 107 118 165 252 391 462 1039 1298
1795 109 257 277 498 799 879 883 1105
1796 16 34 210 286 578 803 927 1777 2089 3756
1797 22 472 483 1823 3757 3758 3759
1798 105 107 356 863 2281
1799 72 75 79 98 135 137 206 267 1153 1412 3760
1800 55 134 493 1122 1240 1775 1974 2072 2162 3145 3533
1801 46 55 104 111 136 137 524 765 1324
1802 72 74 79 80 98 137 184 185 373 377 538 3761
1803 52 96 118 126 254 560 756 3762
1804 78 135 184 206 363 374 413 538 3213
1805 55 57 109 112 190 1092 1104 1341 1541 3764
1806 275 3765 3766 3767 3768 3770
1807 55 75 78 121 137 267 572 1122 1239 1868 3506 3533 3771
1808 22 155 198 314 460 474 517 727 729 732 1968 2068 2856 3773
1809 34 40 107 133 209 231 457 481 652 858 1234 1235 1397 3774
1810 35 54 70 118 165 462 622 632 644 844 2703 3713 3775
1811 72 74 80 857 916 919 923 1258 1324
1812 22 105 109 159 165 187 235 252 413 571 3776
1813 22 55 78 133 137 187 572 863 923 1258 1324
1814 46 105 107 118 354 388 1183 2478
1815 191 453 1712 2517 3777 3778
1816 20 279 290 1051 1057 1114 1725 2531 3779 3780 3781
1817 73 74 77 81 127 135 374 957
1818 55 74 80 399
1819 27 37 55 74 354 356 1082 1310 1754 1783 2020
1820 55 133 137 184 185 252 923 1556 1651
1821 47 96 254 278 302 304 352 772 2401
1822 36 97 188 217 250 756 1122 1263 1401
1823 53 102 280 302 611 703 713 920 1024 1502 1594 2013 3016
1824 104 143 154 158 159 187 1114 1494 3008
1825 36 46 122 250 708 3783
1826 4 6 13 96 126 242 285 334 441 446 545 857 871 1315 1442 1551 1699
1827 20 155 196 200 278 445 479 483 729 883 1347 3041 3785
1828 879 1798 1981 2060 2094 2429 3786 3787 3788 3789 3790 3792
1829 48 165 197 617 883 1433 2451 3793 3794 3795
1830 30 36 191 499 590 867 2379 3796
1831 96 217 245 254 655 1167 1745
1832 76 79 185 206 374 377 538 698 1258 3799
1833 4 8 100 277 498 934 1315 2158 3470 3800 3801 3802 3803
1834 126 245 555 893 931 1036 1161 1743 1760 2279 2787 3379 3388 3804 3805
1835 55 78 91 102 110 192 235 282 738 920 1015
1836 40 80 117 127 192 237 261 378 404 526 673 3359
1837 77 87 376 418 3569
1838 211 324 655 803 1290 1975 2170 3806 3807
1839 66 73 77 87 135 184 237 377 955 1857 2071
1840 41 45 48 105 133 165 389 442 832 1277 1395 1580 1777 2028 3809
1841 54 55 96 118 137 293 303 388 772 802 1092 3810
1842 79 80 88 96 98 99 101 126 130 131 1421 3811
1843 0 242 334 441 444 545 655 857 1118 1275 1315 1427 2005 2256 3228 3812 3814
1844 212 214 589 827 1076 1446 1690 2013 3815 3816 3817 3818
1845 55 98 126 132 167 253 254 406 539 798 951 1919 2175 2485 3217
1846 114 235 282 694 754 830 832 1315 1538 1590 3551
1847 52 96 102 118 134 210 1261 3569
1848 66 74 127 132 204 365 552 660
1849 79 270 473 1395 2696 3822
1850 22 132 133 445 910 975 3823
1851 47 87 134 254 863 1015 1315 1395 1461 2427
1852 47 52 118 254 446 754 1315
1853 40 52 119 124 252 522 774 856 1401 1798 2976 3313
1854 78 115 270 282 305 377 671 809 900 1556 3824
1855 22 155 156 196 227 257 275 445 485 487 887 1476 1526 3630
1856 45 55 56 106 154 413 495 712 1393 2058
1857 275 499 502 1140 1540 2661
1858 46 55 863 1183
1859 52 107 295 765 1095 2927 3826
1860 47 66 81 96 118 135 374 1277
1861 46 73 77 81 1202 1612
1862 225 228 657 677 944 1444 1992 3201
1863 254 366 590 998 1322 1955 3428 3453 3528
1864 45 53 105 109 159 388 878 1555
1865 141 1140
1866 377 832 1439 1441 2076 2210 3828 3829 3830 3831
1867 632 644 1291 1721 2234 2847 3714 3832 3833 3835
1868 36 52 57 109 197 224 354 388 891 1103 1536 1664 1891 3040
1869 36 46 54 55 105 107 293 388 572 708 765 1092 1328 1347 2910
1870 100 486 508 509 519 727 763 844 908 1034 1513 2617 3709 3836 3837 3838 3839 3840 3841
1871 1 3 12 217 284 289 1029 1216 1289 1641 1906 1990 1991 2532 3494
